0.000000 0.000000 0.000000
0.000000 0.000000 0.000000
0.000000 0.000000 0.000000
0.000000 0.000000 0.000000
0.005999 0.000000 0.000000
0.012103 0.000000 0.000000
0.018102 0.000000 0.000000
0.024206 0.000000 0.000000
0.030205 0.000000 0.000000
0.036309 0.000000 0.000000
0.042413 0.000000 0.000000
0.048412 0.000000 0.000000
0.054516 0.000000 0.000000
0.060515 0.000000 0.000000
0.066619 0.000000 0.000000
0.072723 0.000000 0.000000
0.078722 0.000000 0.000000
0.084826 0.000000 0.000000
0.090825 0.000000 0.000000
0.096929 0.000000 0.000000
0.103033 0.000000 0.000000
0.109032 0.000000 0.000000
0.115136 0.000000 0.000000
0.121135 0.000000 0.000000
0.127239 0.000000 0.000000
0.133238 0.000000 0.000000
0.139342 0.000000 0.000000
0.145446 0.000000 0.000000
0.151445 0.000000 0.000000
0.157549 0.000000 0.000000
0.163548 0.000000 0.000000
0.169652 0.000000 0.000000
0.175756 0.000000 0.000000
0.181755 0.000000 0.000000
0.187859 0.000000 0.000000
0.193858 0.000000 0.000000
0.199962 0.000000 0.000000
0.206066 0.000000 0.000000
0.212065 0.000000 0.000000
0.218169 0.000000 0.000000
0.224168 0.000000 0.000000
0.230272 0.000000 0.000000
0.236271 0.000000 0.000000
0.242375 0.000000 0.000000
0.248480 0.000000 0.000000
0.254478 0.000000 0.000000
0.260583 0.000000 0.000000
0.266581 0.000000 0.000000
0.272686 0.000000 0.000000
0.278790 0.000000 0.000000
0.284789 0.000000 0.000000
0.290893 0.000000 0.000000
0.296892 0.000000 0.000000
0.302996 0.000000 0.000000
0.309100 0.000000 0.000000
0.315099 0.000000 0.000000
0.321203 0.000000 0.000000
0.327202 0.000000 0.000000
0.333306 0.000000 0.000000
0.339305 0.000000 0.000000
0.345409 0.000000 0.000000
0.351513 0.000000 0.000000
0.357512 0.000000 0.000000
0.363616 0.000000 0.000000
0.369615 0.000000 0.000000
0.375719 0.000000 0.000000
0.381823 0.000000 0.000000
0.387822 0.000000 0.000000
0.393926 0.000000 0.000000
0.399925 0.000000 0.000000
0.406029 0.000000 0.000000
0.412133 0.000000 0.000000
0.418132 0.000000 0.000000
0.424236 0.000000 0.000000
0.430235 0.000000 0.000000
0.436339 0.000000 0.000000
0.442443 0.000000 0.000000
0.448442 0.000000 0.000000
0.454546 0.000000 0.000000
0.460545 0.000000 0.000000
0.466649 0.000000 0.000000
0.472648 0.000000 0.000000
0.478752 0.000000 0.000000
0.484856 0.000000 0.000000
0.490855 0.000000 0.000000
0.496959 0.000000 0.000000
0.502958 0.000000 0.000000
0.509062 0.000000 0.000000
0.515166 0.000000 0.000000
0.521165 0.000000 0.000000
0.527269 0.000000 0.000000
0.533268 0.000000 0.000000
0.539372 0.000000 0.000000
0.545476 0.000000 0.000000
0.551475 0.000000 0.000000
0.557579 0.000000 0.000000
0.563578 0.000000 0.000000
0.569682 0.000000 0.000000
0.575681 0.000000 0.000000
0.581785 0.000000 0.000000
0.593888 0.000000 0.000000
0.599992 0.000000 0.000000
0.605991 0.000000 0.000000
0.612095 0.000000 0.000000
0.618199 0.000000 0.000000
0.624198 0.000000 0.000000
0.630302 0.000000 0.000000
0.636301 0.000000 0.000000
0.642405 0.000000 0.000000
0.648510 0.000000 0.000000
0.654508 0.000000 0.000000
0.660613 0.000000 0.000000
0.666611 0.000000 0.000000
0.672716 0.000000 0.000000
0.678714 0.000000 0.000000
0.684819 0.000000 0.000000
0.690923 0.000000 0.000000
0.696921 0.000000 0.000000
0.703026 0.000000 0.000000
0.709024 0.000000 0.000000
0.715129 0.000000 0.000000
0.721233 0.000000 0.000000
0.727232 0.000000 0.000000
0.733336 0.000000 0.000000
0.739335 0.000000 0.000000
0.745439 0.000000 0.000000
0.751543 0.000000 0.000000
0.757542 0.000000 0.000000
0.763646 0.000000 0.000000
0.769645 0.000000 0.000000
0.775749 0.000000 0.000000
0.781748 0.000000 0.000000
0.787852 0.000000 0.000000
0.793956 0.000000 0.000000
0.799955 0.000000 0.000000
0.806059 0.000000 0.000000
0.812058 0.000000 0.000000
0.818162 0.000000 0.000000
0.824266 0.000000 0.000000
0.830265 0.000000 0.000000
0.836369 0.000000 0.000000
0.842368 0.000000 0.000000
0.848472 0.000000 0.000000
0.854576 0.000000 0.000000
0.860575 0.000000 0.000000
0.866679 0.000000 0.000000
0.872678 0.000000 0.000000
0.878782 0.000000 0.000000
0.884886 0.000000 0.000000
0.890885 0.000000 0.000000
0.896989 0.000000 0.000000
0.902988 0.000000 0.000000
0.909092 0.000000 0.000000
0.915091 0.000000 0.000000
0.921195 0.000000 0.000000
0.927299 0.000000 0.000000
0.933298 0.000000 0.000000
0.939402 0.000000 0.000000
0.945401 0.000000 0.000000
0.951505 0.000000 0.000000
0.957609 0.000000 0.000000
0.963608 0.000000 0.000000
0.969712 0.000000 0.000000
0.975711 0.000000 0.000000
0.981815 0.000000 0.000000
0.987919 0.000000 0.000000
0.993918 0.000000 0.000000
1.000022 0.000000 0.000000
1.006021 0.000000 0.000000
1.012125 0.000000 0.000000
1.018124 0.000000 0.000000
1.024228 0.000000 0.000000
1.030332 0.000000 0.000000
1.036331 0.000000 0.000000
1.042435 0.000000 0.000000
1.048434 0.000000 0.000000
1.054538 0.000000 0.000000
1.060643 0.000000 0.000000
1.066641 0.000000 0.000000
1.072746 0.000000 0.000000
1.078744 0.000000 0.000000
1.084848 0.000000 0.000000
1.090953 0.000000 0.000000
1.096951 0.000000 0.000000
1.103056 0.000000 0.000000
1.109054 0.000000 0.000000
1.115159 0.000000 0.000000
1.121157 0.000000 0.000000
1.127262 0.000000 0.000000
1.133366 0.000000 0.000000
1.139365 0.000000 0.000000
1.145469 0.000000 0.000000
1.151468 0.000000 0.000000
1.157572 0.000000 0.000000
1.163676 0.000000 0.000000
1.169675 0.000000 0.000000
1.175779 0.000000 0.000000
1.181778 0.000000 0.000000
1.187882 0.000000 0.000000
1.193986 0.000000 0.000000
1.199985 0.000000 0.000000
1.206089 0.000000 0.000000
1.212088 0.000000 0.000000
1.218192 0.000000 0.000000
1.224191 0.000000 0.000000
1.230295 0.000000 0.000000
1.236399 0.000000 0.000000
1.242398 0.000000 0.000000
1.248502 0.000000 0.000000
1.254501 0.000000 0.000000
1.260605 0.000000 0.000000
1.266709 0.000000 0.000000
1.272708 0.000000 0.000000
1.278812 0.000000 0.000000
1.284811 0.000000 0.000000
1.290915 0.000000 0.000000
1.297019 0.000000 0.000000
1.303018 0.000000 0.000000
1.309122 0.000000 0.000000
1.315121 0.000000 0.000000
1.321225 0.000000 0.000000
1.327329 0.000000 0.000000
1.333328 0.000000 0.000000
1.339432 0.000000 0.000000
1.345431 0.000000 0.000000
1.351535 0.000000 0.000000
1.357534 0.000000 0.000000
1.363638 0.000000 0.000000
1.369742 0.000000 0.000000
1.375741 0.000000 0.000000
1.381845 0.000000 0.000000
1.387844 0.000000 0.000000
1.393948 0.000000 0.000000
1.400052 0.000000 0.000000
1.406051 0.000000 0.000000
1.412155 0.000000 0.000000
1.418154 0.000000 0.000000
1.424258 0.000000 0.000000
1.430362 0.000000 0.000000
1.436361 0.000000 0.000000
1.442465 0.000000 0.000000
1.448464 0.000000 0.000000
1.454568 0.000000 0.000000
1.460567 0.000000 0.000000
1.466671 0.000000 0.000000
1.472775 0.000000 0.000000
1.478774 0.000000 0.000000
1.484878 0.000000 0.000000
1.490877 0.000000 0.000000
1.496981 0.000000 0.000000
1.503086 0.000000 0.000000
1.509084 0.000000 0.000000
1.515189 0.000000 0.000000
1.521187 0.000000 0.000000
1.527292 0.000000 0.000000
1.533396 0.000000 0.000000
1.539395 0.000000 0.000000
1.545499 0.000000 0.000000
1.551498 0.000000 0.000000
1.557602 0.000000 0.000000
1.563601 0.000000 0.000000
1.569705 0.000000 0.000000
1.575809 0.000000 0.000000
1.581808 0.000000 0.000000
1.587912 0.000000 0.000000
1.593911 0.000000 0.000000
1.600015 0.000000 0.000000
1.606119 0.000000 0.000000
1.612118 0.000000 0.000000
1.618222 0.000000 0.000000
1.624221 0.000000 0.000000
1.630325 0.000000 0.000000
1.636429 0.000000 0.000000
1.642428 0.000000 0.000000
1.648532 0.000000 0.000000
1.654531 0.000000 0.000000
1.660635 0.000000 0.000000
1.666634 0.000000 0.000000
1.672738 0.000000 0.000000
1.678842 0.000000 0.000000
1.684841 0.000000 0.000000
1.690945 0.000000 0.000000
1.696944 0.000000 0.000000
1.703048 0.000000 0.000000
1.709152 0.000000 0.000000
1.715151 0.000000 0.000000
1.721255 0.000000 0.000000
1.727254 0.000000 0.000000
1.733358 0.000000 0.000000
1.739462 0.000000 0.000000
1.745461 0.000000 0.000000
1.751565 0.000000 0.000000
1.757564 0.000000 0.000000
1.763668 0.000000 0.000000
1.769772 0.000000 0.000000
1.775771 0.000000 0.000000
1.781875 0.000000 0.000000
1.787874 0.000000 0.000000
1.793978 0.000000 0.000000
1.799977 0.000000 0.000000
1.806081 0.000000 0.000000
1.812185 0.000000 0.000000
1.818184 0.000000 0.000000
1.824288 0.000000 0.000000
1.830287 0.000000 0.000000
1.836391 0.000000 0.000000
1.842495 0.000000 0.000000
1.848494 0.000000 0.000000
1.854598 0.000000 0.000000
1.860597 0.000000 0.000000
1.866701 0.000000 0.000000
1.872805 0.000000 0.000000
1.878804 0.000000 0.000000
1.884908 0.000000 0.000000
1.890907 0.000000 0.000000
1.897011 0.000000 0.000000
1.903010 0.000000 0.000000
1.909114 0.000000 0.000000
1.915219 0.000000 0.000000
1.921217 0.000000 0.000000
1.927322 0.000000 0.000000
1.933320 0.000000 0.000000
1.939425 0.000000 0.000000
1.945529 0.000000 0.000000
1.951528 0.000000 0.000000
1.957632 0.000000 0.000000
1.963630 0.000000 0.000000
1.969735 0.000000 0.000000
1.975839 0.000000 0.000000
1.981838 0.000000 0.000000
1.987942 0.000000 0.000000
1.993941 0.000000 0.000000
2.000045 0.000000 0.000000
2.006044 0.000000 0.000000
2.012148 0.000000 0.000000
