-0.061542 92.000000 92.000000 92.000000 92.000000 92.000000 
-0.061542 92.000000 92.000000 92.000000 92.000000 92.000000 
-0.051285 92.000000 92.000000 92.000000 92.000000 92.000000 
-0.041028 92.000000 92.000000 92.000000 92.000000 92.000000 
-0.030771 92.000000 92.000000 92.000000 92.000000 92.000000 
-0.020514 92.000000 92.000000 92.000000 92.000000 92.000000 
-0.020514 92.000000 92.000000 92.000000 92.000000 92.000000 
-0.020514 92.000000 92.000000 92.000000 92.000000 92.000000 
0.030771 92.000000 92.000000 92.000000 92.000000 92.000000 
0.030771 92.000000 92.000000 92.000000 92.000000 92.000000 
0.051285 92.000000 92.000000 92.000000 92.000000 92.000000 
0.051285 92.000000 92.000000 92.000000 92.000000 92.000000 
0.061542 92.000000 92.000000 92.000000 92.000000 92.000000 
0.071799 92.000000 92.000000 92.000000 92.000000 92.000000 
0.071799 92.000000 92.000000 92.000000 92.000000 92.000000 
0.082056 92.000000 92.000000 92.000000 92.000000 92.000000 
0.071799 92.000000 92.000000 92.000000 92.000000 92.000000 
0.092313 92.000000 92.000000 92.000000 92.000000 92.000000 
0.102570 92.000000 92.000000 92.000000 92.000000 92.000000 
0.102570 92.000000 92.000000 92.000000 92.000000 92.000000 
0.102570 92.000000 92.000000 92.000000 92.000000 92.000000 
0.112827 92.000000 92.000000 92.000000 92.000000 92.000000 
0.123084 92.000000 92.000000 92.000000 92.000000 92.000000 
0.133341 92.000000 92.000000 92.000000 92.000000 92.000000 
0.123084 92.000000 92.000000 92.000000 92.000000 92.000000 
0.143598 92.000000 92.000000 92.000000 92.000000 92.000000 
0.143598 92.000000 92.000000 92.000000 92.000000 92.000000 
0.143598 92.000000 92.000000 92.000000 92.000000 92.000000 
0.164112 92.000000 92.000000 92.000000 92.000000 92.000000 
0.153855 92.000000 92.000000 92.000000 92.000000 92.000000 
0.174369 92.000000 92.000000 92.000000 92.000000 92.000000 
0.174369 92.000000 92.000000 92.000000 92.000000 92.000000 
0.174369 92.000000 92.000000 92.000000 92.000000 92.000000 
0.194883 92.000000 92.000000 92.000000 92.000000 92.000000 
0.184626 92.000000 92.000000 92.000000 92.000000 92.000000 
0.205140 92.000000 92.000000 92.000000 92.000000 92.000000 
0.194883 92.000000 92.000000 92.000000 92.000000 92.000000 
0.205140 92.000000 92.000000 92.000000 92.000000 92.000000 
0.194883 92.000000 92.000000 92.000000 92.000000 92.000000 
0.205140 92.000000 92.000000 92.000000 92.000000 92.000000 
0.194883 92.000000 92.000000 92.000000 92.000000 92.000000 
0.205140 92.000000 92.000000 92.000000 92.000000 92.000000 
0.194883 92.000000 93.000000 93.000000 93.000000 92.000000 
0.205140 92.000000 93.000000 93.000000 93.000000 92.000000 
0.205140 92.000000 93.000000 93.000000 93.000000 92.000000 
0.194883 92.000000 93.000000 93.000000 93.000000 92.000000 
0.205140 92.000000 93.000000 93.000000 93.000000 92.000000 
0.194883 92.000000 93.000000 93.000000 93.000000 92.000000 
0.205140 92.000000 93.000000 93.000000 93.000000 92.000000 
0.194883 92.000000 93.000000 93.000000 93.000000 92.000000 
0.205140 92.000000 93.000000 93.000000 93.000000 92.000000 
0.194883 92.000000 93.000000 93.000000 93.000000 92.000000 
0.205140 92.000000 93.000000 93.000000 93.000000 92.000000 
0.194883 92.000000 93.000000 93.000000 93.000000 92.000000 
0.205140 92.000000 93.000000 93.000000 93.000000 92.000000 
0.194883 92.000000 93.000000 93.000000 93.000000 92.000000 
0.205140 92.000000 93.000000 93.000000 93.000000 92.000000 
0.184626 92.000000 93.000000 93.000000 93.000000 92.000000 
0.194883 92.000000 93.000000 93.000000 93.000000 92.000000 
0.174369 92.000000 93.000000 93.000000 93.000000 92.000000 
0.174369 92.000000 93.000000 93.000000 93.000000 92.000000 
0.174369 92.000000 93.000000 93.000000 93.000000 92.000000 
0.153855 92.000000 93.000000 93.000000 93.000000 92.000000 
0.153855 92.000000 94.000000 94.000000 94.000000 92.000000 
0.143598 92.000000 94.000000 94.000000 94.000000 92.000000 
0.133341 92.000000 94.000000 94.000000 94.000000 92.000000 
0.133341 92.000000 94.000000 94.000000 94.000000 92.000000 
0.123084 92.000000 94.000000 94.000000 94.000000 92.000000 
0.102570 92.000000 94.000000 94.000000 94.000000 92.000000 
0.102570 92.000000 94.000000 94.000000 94.000000 92.000000 
0.082056 92.000000 94.000000 94.000000 94.000000 92.000000 
0.071799 92.000000 94.000000 94.000000 94.000000 92.000000 
0.061542 92.000000 94.000000 94.000000 94.000000 92.000000 
0.041028 92.000000 94.000000 94.000000 94.000000 92.000000 
0.041028 92.000000 94.000000 94.000000 94.000000 92.000000 
0.041028 92.000000 94.000000 94.000000 94.000000 92.000000 
0.000000 92.000000 94.000000 94.000000 94.000000 92.000000 
0.000000 92.000000 94.000000 94.000000 94.000000 92.000000 
0.000000 92.000000 94.000000 94.000000 94.000000 92.000000 
0.000000 92.000000 94.000000 94.000000 94.000000 92.000000 
0.000000 92.000000 94.000000 94.000000 94.000000 92.000000 
0.000000 92.000000 94.000000 94.000000 94.000000 92.000000 
0.000000 92.000000 94.000000 94.000000 94.000000 92.000000 
0.000000 92.000000 94.000000 94.000000 94.000000 92.000000 
0.000000 92.000000 94.000000 94.000000 94.000000 92.000000 
0.000000 92.000000 94.000000 94.000000 94.000000 92.000000 
0.000000 92.000000 94.000000 94.000000 94.000000 92.000000 
0.000000 92.000000 94.000000 94.000000 94.000000 92.000000 
0.000000 92.000000 94.000000 94.000000 94.000000 92.000000 
0.000000 92.000000 94.000000 94.000000 94.000000 92.000000 
0.000000 92.000000 94.000000 94.000000 94.000000 92.000000 
0.000000 92.000000 94.000000 94.000000 94.000000 92.000000 
0.000000 92.000000 94.000000 94.000000 94.000000 92.000000 
0.000000 92.000000 94.000000 94.000000 94.000000 92.000000 
0.000000 92.000000 94.000000 94.000000 94.000000 92.000000 
0.000000 92.000000 94.000000 94.000000 94.000000 92.000000 
0.000000 92.000000 94.000000 94.000000 94.000000 92.000000 
0.000000 92.000000 94.000000 94.000000 94.000000 92.000000 
0.000000 92.000000 94.000000 94.000000 94.000000 92.000000 
0.000000 92.000000 94.000000 94.000000 94.000000 92.000000 
0.000000 92.000000 94.000000 94.000000 94.000000 92.000000 
0.000000 92.000000 94.000000 94.000000 94.000000 92.000000 
0.000000 92.000000 94.000000 94.000000 94.000000 92.000000 
0.000000 92.000000 94.000000 94.000000 94.000000 92.000000 
0.000000 92.000000 94.000000 94.000000 94.000000 92.000000 
0.000000 92.000000 94.000000 94.000000 94.000000 92.000000 
0.000000 92.000000 94.000000 94.000000 94.000000 92.000000 
0.000000 92.000000 94.000000 94.000000 94.000000 92.000000 
0.000000 92.000000 94.000000 94.000000 94.000000 92.000000 
0.000000 92.000000 94.000000 94.000000 94.000000 92.000000 
0.000000 92.000000 94.000000 94.000000 94.000000 92.000000 
0.000000 92.000000 94.000000 94.000000 94.000000 92.000000 
0.000000 92.000000 94.000000 94.000000 94.000000 92.000000 
0.000000 92.000000 94.000000 94.000000 94.000000 92.000000 
0.000000 92.000000 94.000000 94.000000 94.000000 92.000000 
0.000000 92.000000 94.000000 94.000000 94.000000 92.000000 
0.000000 92.000000 94.000000 94.000000 94.000000 92.000000 
0.000000 92.000000 94.000000 94.000000 94.000000 92.000000 
0.000000 92.000000 94.000000 94.000000 94.000000 92.000000 
0.000000 92.000000 94.000000 94.000000 94.000000 92.000000 
0.000000 92.000000 94.000000 94.000000 94.000000 92.000000 
0.000000 92.000000 94.000000 94.000000 94.000000 92.000000 
0.000000 92.000000 94.000000 94.000000 94.000000 92.000000 
0.000000 92.000000 94.000000 94.000000 94.000000 92.000000 
0.000000 92.000000 94.000000 94.000000 94.000000 92.000000 
0.000000 92.000000 94.000000 94.000000 94.000000 92.000000 
0.000000 92.000000 94.000000 94.000000 94.000000 92.000000 
0.000000 92.000000 94.000000 94.000000 94.000000 92.000000 
0.000000 92.000000 94.000000 94.000000 94.000000 92.000000 
0.000000 92.000000 94.000000 94.000000 94.000000 92.000000 
0.000000 92.000000 94.000000 94.000000 94.000000 92.000000 
0.000000 92.000000 94.000000 94.000000 94.000000 92.000000 
0.000000 92.000000 94.000000 94.000000 94.000000 92.000000 
0.000000 92.000000 94.000000 94.000000 94.000000 92.000000 
0.000000 92.000000 94.000000 94.000000 94.000000 92.000000 
0.000000 92.000000 94.000000 94.000000 94.000000 92.000000 
0.000000 92.000000 94.000000 94.000000 94.000000 92.000000 
0.000000 92.000000 94.000000 94.000000 94.000000 92.000000 
0.000000 92.000000 94.000000 94.000000 94.000000 92.000000 
0.000000 92.000000 94.000000 94.000000 94.000000 92.000000 
0.000000 92.000000 94.000000 94.000000 94.000000 92.000000 
0.000000 92.000000 94.000000 94.000000 94.000000 92.000000 
0.000000 92.000000 94.000000 94.000000 94.000000 92.000000 
0.000000 92.000000 94.000000 94.000000 94.000000 92.000000 
0.000000 92.000000 94.000000 94.000000 94.000000 92.000000 
0.000000 92.000000 94.000000 94.000000 94.000000 92.000000 
0.000000 92.000000 94.000000 94.000000 94.000000 92.000000 
0.000000 92.000000 94.000000 94.000000 94.000000 92.000000 
0.000000 92.000000 94.000000 94.000000 94.000000 92.000000 
0.000000 92.000000 94.000000 94.000000 94.000000 92.000000 
0.000000 92.000000 94.000000 94.000000 94.000000 92.000000 
0.000000 92.000000 94.000000 94.000000 94.000000 92.000000 
0.000000 92.000000 94.000000 94.000000 94.000000 92.000000 
0.000000 92.000000 94.000000 94.000000 94.000000 92.000000 
0.000000 92.000000 94.000000 94.000000 94.000000 92.000000 
0.000000 92.000000 94.000000 94.000000 94.000000 92.000000 
0.000000 92.000000 94.000000 94.000000 94.000000 92.000000 
0.000000 92.000000 94.000000 94.000000 94.000000 92.000000 
0.000000 92.000000 94.000000 94.000000 94.000000 92.000000 
0.000000 92.000000 94.000000 94.000000 94.000000 92.000000 
0.000000 92.000000 94.000000 94.000000 94.000000 92.000000 
0.000000 92.000000 94.000000 94.000000 94.000000 92.000000 
0.000000 92.000000 94.000000 94.000000 94.000000 92.000000 
0.000000 92.000000 94.000000 94.000000 94.000000 92.000000 
0.000000 92.000000 94.000000 94.000000 94.000000 92.000000 
0.000000 92.000000 94.000000 94.000000 94.000000 92.000000 
0.000000 92.000000 94.000000 94.000000 94.000000 92.000000 
0.000000 92.000000 94.000000 94.000000 94.000000 92.000000 
0.000000 92.000000 94.000000 94.000000 94.000000 92.000000 
0.000000 92.000000 94.000000 94.000000 94.000000 92.000000 
0.000000 92.000000 94.000000 94.000000 94.000000 92.000000 
0.000000 92.000000 94.000000 94.000000 94.000000 92.000000 
0.000000 92.000000 94.000000 94.000000 94.000000 92.000000 
0.000000 92.000000 94.000000 94.000000 94.000000 92.000000 
0.000000 92.000000 94.000000 94.000000 94.000000 92.000000 
0.000000 92.000000 94.000000 94.000000 94.000000 92.000000 
0.000000 92.000000 94.000000 94.000000 94.000000 92.000000 
0.000000 92.000000 94.000000 94.000000 94.000000 92.000000 
0.000000 92.000000 94.000000 94.000000 94.000000 92.000000 
0.000000 92.000000 94.000000 94.000000 94.000000 92.000000 
0.000000 92.000000 94.000000 94.000000 94.000000 92.000000 
0.000000 92.000000 94.000000 94.000000 94.000000 92.000000 
0.010257 92.000000 94.000000 94.000000 94.000000 92.000000 
0.010257 92.000000 94.000000 94.000000 94.000000 92.000000 
0.020514 92.000000 94.000000 94.000000 94.000000 92.000000 
0.020514 92.000000 94.000000 94.000000 94.000000 92.000000 
0.030771 92.000000 94.000000 94.000000 94.000000 92.000000 
0.041028 92.000000 94.000000 94.000000 94.000000 92.000000 
0.041028 92.000000 94.000000 94.000000 94.000000 92.000000 
0.051285 92.000000 94.000000 94.000000 94.000000 92.000000 
0.051285 92.000000 94.000000 94.000000 94.000000 92.000000 
0.061542 92.000000 94.000000 94.000000 94.000000 92.000000 
0.061542 92.000000 94.000000 94.000000 94.000000 92.000000 
0.071799 92.000000 94.000000 94.000000 94.000000 92.000000 
0.082056 92.000000 94.000000 94.000000 94.000000 92.000000 
0.082056 92.000000 94.000000 94.000000 94.000000 92.000000 
0.092313 92.000000 94.000000 94.000000 94.000000 92.000000 
0.092313 92.000000 94.000000 94.000000 94.000000 92.000000 
0.102570 92.000000 94.000000 94.000000 94.000000 92.000000 
0.112827 92.000000 94.000000 94.000000 94.000000 92.000000 
0.112827 92.000000 94.000000 94.000000 94.000000 92.000000 
0.112827 92.000000 94.000000 94.000000 94.000000 92.000000 
0.133341 92.000000 94.000000 94.000000 94.000000 92.000000 
0.133341 92.000000 94.000000 94.000000 94.000000 92.000000 
0.133341 92.000000 94.000000 94.000000 94.000000 92.000000 
0.143598 92.000000 94.000000 94.000000 94.000000 92.000000 
0.153855 92.000000 94.000000 94.000000 94.000000 92.000000 
0.153855 92.000000 94.000000 94.000000 94.000000 92.000000 
0.164112 92.000000 94.000000 94.000000 94.000000 92.000000 
0.164112 92.000000 94.000000 94.000000 94.000000 92.000000 
0.174369 92.000000 94.000000 94.000000 94.000000 92.000000 
0.184626 92.000000 94.000000 94.000000 94.000000 92.000000 
0.184626 92.000000 95.000000 95.000000 95.000000 92.000000 
0.194883 92.000000 95.000000 95.000000 95.000000 92.000000 
0.194883 92.000000 95.000000 95.000000 95.000000 92.000000 
0.205140 92.000000 95.000000 95.000000 95.000000 92.000000 
0.194883 92.000000 95.000000 95.000000 95.000000 92.000000 
0.205140 92.000000 95.000000 95.000000 95.000000 92.000000 
0.194883 92.000000 95.000000 95.000000 95.000000 92.000000 
0.205140 92.000000 95.000000 95.000000 95.000000 92.000000 
0.194883 92.000000 95.000000 95.000000 95.000000 92.000000 
0.205140 92.000000 95.000000 95.000000 95.000000 92.000000 
0.194883 92.000000 96.000000 96.000000 96.000000 92.000000 
0.205140 92.000000 96.000000 96.000000 96.000000 92.000000 
0.194883 92.000000 96.000000 96.000000 96.000000 92.000000 
0.205140 92.000000 96.000000 96.000000 96.000000 92.000000 
0.194883 92.000000 96.000000 96.000000 96.000000 92.000000 
0.205140 92.000000 96.000000 96.000000 96.000000 92.000000 
0.205140 92.000000 96.000000 96.000000 96.000000 92.000000 
0.194883 92.000000 96.000000 96.000000 96.000000 92.000000 
0.205140 92.000000 96.000000 96.000000 96.000000 92.000000 
0.194883 92.000000 96.000000 96.000000 96.000000 92.000000 
0.205140 92.000000 96.000000 96.000000 96.000000 92.000000 
0.194883 92.000000 96.000000 96.000000 96.000000 92.000000 
0.205140 92.000000 96.000000 96.000000 96.000000 92.000000 
0.194883 92.000000 96.000000 96.000000 96.000000 92.000000 
0.205140 92.000000 96.000000 96.000000 96.000000 92.000000 
0.184626 92.000000 96.000000 96.000000 96.000000 92.000000 
0.184626 92.000000 96.000000 96.000000 96.000000 92.000000 
0.174369 92.000000 96.000000 96.000000 96.000000 92.000000 
0.174369 92.000000 96.000000 96.000000 96.000000 92.000000 
0.164112 92.000000 96.000000 96.000000 96.000000 92.000000 
0.153855 92.000000 96.000000 96.000000 96.000000 92.000000 
0.153855 92.000000 97.000000 97.000000 97.000000 92.000000 
0.143598 92.000000 97.000000 97.000000 97.000000 92.000000 
0.123084 92.000000 97.000000 97.000000 97.000000 92.000000 
0.133341 92.000000 97.000000 97.000000 97.000000 92.000000 
0.123084 92.000000 97.000000 97.000000 97.000000 92.000000 
0.092313 92.000000 97.000000 97.000000 97.000000 92.000000 
0.092313 92.000000 97.000000 97.000000 97.000000 92.000000 
0.082056 92.000000 97.000000 97.000000 97.000000 92.000000 
0.071799 92.000000 97.000000 97.000000 97.000000 92.000000 
0.061542 92.000000 97.000000 97.000000 97.000000 92.000000 
0.051285 92.000000 97.000000 97.000000 97.000000 92.000000 
0.030771 92.000000 97.000000 97.000000 97.000000 92.000000 
0.000000 92.000000 97.000000 97.000000 97.000000 92.000000 
0.000000 92.000000 97.000000 97.000000 97.000000 92.000000 
0.000000 92.000000 97.000000 97.000000 97.000000 92.000000 
0.000000 92.000000 97.000000 97.000000 97.000000 92.000000 
0.000000 92.000000 97.000000 97.000000 97.000000 92.000000 
0.000000 92.000000 97.000000 97.000000 97.000000 92.000000 
0.000000 92.000000 97.000000 97.000000 97.000000 92.000000 
0.000000 92.000000 97.000000 97.000000 97.000000 92.000000 
0.000000 92.000000 97.000000 97.000000 97.000000 92.000000 
0.000000 92.000000 97.000000 97.000000 97.000000 92.000000 
0.000000 92.000000 97.000000 97.000000 97.000000 92.000000 
0.000000 92.000000 97.000000 97.000000 97.000000 92.000000 
0.000000 92.000000 97.000000 97.000000 97.000000 92.000000 
0.000000 92.000000 97.000000 97.000000 97.000000 92.000000 
0.000000 92.000000 97.000000 97.000000 97.000000 92.000000 
0.000000 92.000000 97.000000 97.000000 97.000000 92.000000 
0.000000 92.000000 97.000000 97.000000 97.000000 92.000000 
0.000000 92.000000 97.000000 97.000000 97.000000 92.000000 
0.000000 92.000000 97.000000 97.000000 97.000000 92.000000 
0.000000 92.000000 97.000000 97.000000 97.000000 92.000000 
0.000000 92.000000 97.000000 97.000000 97.000000 92.000000 
0.000000 92.000000 97.000000 97.000000 97.000000 92.000000 
0.000000 92.000000 97.000000 97.000000 97.000000 92.000000 
0.000000 92.000000 97.000000 97.000000 97.000000 92.000000 
0.000000 92.000000 97.000000 97.000000 97.000000 92.000000 
0.000000 92.000000 97.000000 97.000000 97.000000 92.000000 
0.000000 92.000000 97.000000 97.000000 97.000000 92.000000 
0.000000 92.000000 97.000000 97.000000 97.000000 92.000000 
0.000000 92.000000 97.000000 97.000000 97.000000 92.000000 
0.000000 92.000000 97.000000 97.000000 97.000000 92.000000 
0.000000 92.000000 97.000000 97.000000 97.000000 92.000000 
0.000000 92.000000 97.000000 97.000000 97.000000 92.000000 
0.000000 92.000000 97.000000 97.000000 97.000000 92.000000 
0.000000 92.000000 97.000000 97.000000 97.000000 92.000000 
0.000000 92.000000 97.000000 97.000000 97.000000 92.000000 
0.000000 92.000000 97.000000 97.000000 97.000000 92.000000 
0.000000 92.000000 97.000000 97.000000 97.000000 92.000000 
0.000000 92.000000 97.000000 97.000000 97.000000 92.000000 
0.000000 92.000000 97.000000 97.000000 97.000000 92.000000 
0.000000 92.000000 97.000000 97.000000 97.000000 92.000000 
0.000000 92.000000 97.000000 97.000000 97.000000 92.000000 
0.000000 92.000000 97.000000 97.000000 97.000000 92.000000 
0.000000 92.000000 97.000000 97.000000 97.000000 92.000000 
0.000000 92.000000 97.000000 97.000000 97.000000 92.000000 
0.000000 92.000000 97.000000 97.000000 97.000000 92.000000 
0.000000 92.000000 97.000000 97.000000 97.000000 92.000000 
0.000000 92.000000 97.000000 97.000000 97.000000 92.000000 
0.000000 92.000000 97.000000 97.000000 97.000000 92.000000 
0.000000 92.000000 97.000000 97.000000 97.000000 92.000000 
0.000000 92.000000 97.000000 97.000000 97.000000 92.000000 
0.000000 92.000000 97.000000 97.000000 97.000000 92.000000 
0.000000 92.000000 97.000000 97.000000 97.000000 92.000000 
0.000000 92.000000 97.000000 97.000000 97.000000 92.000000 
0.000000 92.000000 97.000000 97.000000 97.000000 92.000000 
0.000000 92.000000 97.000000 97.000000 97.000000 92.000000 
0.000000 92.000000 97.000000 97.000000 97.000000 92.000000 
0.000000 92.000000 97.000000 97.000000 97.000000 92.000000 
0.000000 92.000000 97.000000 97.000000 97.000000 92.000000 
0.000000 92.000000 97.000000 97.000000 97.000000 92.000000 
0.000000 92.000000 97.000000 97.000000 97.000000 92.000000 
0.000000 92.000000 97.000000 97.000000 97.000000 92.000000 
0.000000 92.000000 97.000000 97.000000 97.000000 92.000000 
0.000000 92.000000 97.000000 97.000000 97.000000 92.000000 
0.000000 92.000000 97.000000 97.000000 97.000000 92.000000 
0.000000 92.000000 97.000000 97.000000 97.000000 92.000000 
0.000000 92.000000 97.000000 97.000000 97.000000 92.000000 
0.000000 92.000000 97.000000 97.000000 97.000000 92.000000 
0.000000 92.000000 97.000000 97.000000 97.000000 92.000000 
0.000000 92.000000 97.000000 97.000000 97.000000 92.000000 
0.000000 92.000000 97.000000 97.000000 97.000000 92.000000 
0.000000 92.000000 97.000000 97.000000 97.000000 92.000000 
0.000000 92.000000 97.000000 97.000000 97.000000 92.000000 
0.000000 92.000000 97.000000 97.000000 97.000000 92.000000 
0.000000 92.000000 97.000000 97.000000 97.000000 92.000000 
0.000000 92.000000 97.000000 97.000000 97.000000 92.000000 
0.000000 92.000000 97.000000 97.000000 97.000000 92.000000 
0.000000 92.000000 97.000000 97.000000 97.000000 92.000000 
0.000000 92.000000 97.000000 97.000000 97.000000 92.000000 
0.000000 92.000000 97.000000 97.000000 97.000000 92.000000 
0.000000 92.000000 97.000000 97.000000 97.000000 92.000000 
0.000000 92.000000 97.000000 97.000000 97.000000 92.000000 
0.000000 92.000000 97.000000 97.000000 97.000000 92.000000 
0.000000 92.000000 97.000000 97.000000 97.000000 92.000000 
0.000000 92.000000 97.000000 97.000000 97.000000 92.000000 
0.000000 92.000000 97.000000 97.000000 97.000000 92.000000 
0.000000 92.000000 97.000000 97.000000 97.000000 92.000000 
0.000000 92.000000 97.000000 97.000000 97.000000 92.000000 
0.000000 92.000000 97.000000 97.000000 97.000000 92.000000 
0.000000 92.000000 97.000000 97.000000 97.000000 92.000000 
0.000000 92.000000 97.000000 97.000000 97.000000 92.000000 
0.000000 92.000000 97.000000 97.000000 97.000000 92.000000 
0.000000 92.000000 97.000000 97.000000 97.000000 92.000000 
0.000000 92.000000 97.000000 97.000000 97.000000 92.000000 
0.000000 92.000000 97.000000 97.000000 97.000000 92.000000 
0.000000 92.000000 97.000000 97.000000 97.000000 92.000000 
0.000000 92.000000 97.000000 97.000000 97.000000 92.000000 
0.000000 92.000000 97.000000 97.000000 97.000000 92.000000 
0.000000 92.000000 97.000000 97.000000 97.000000 92.000000 
0.000000 92.000000 97.000000 97.000000 97.000000 92.000000 
0.000000 92.000000 97.000000 97.000000 97.000000 92.000000 
0.000000 92.000000 97.000000 97.000000 97.000000 92.000000 
0.000000 92.000000 97.000000 97.000000 97.000000 92.000000 
0.000000 92.000000 97.000000 97.000000 97.000000 92.000000 
0.000000 92.000000 97.000000 97.000000 97.000000 92.000000 
0.000000 92.000000 97.000000 97.000000 97.000000 92.000000 
0.000000 92.000000 97.000000 97.000000 97.000000 92.000000 
0.010257 92.000000 97.000000 97.000000 97.000000 92.000000 
0.010257 92.000000 97.000000 97.000000 97.000000 92.000000 
0.020514 92.000000 97.000000 97.000000 97.000000 92.000000 
0.020514 92.000000 97.000000 97.000000 97.000000 92.000000 
0.030771 92.000000 97.000000 97.000000 97.000000 92.000000 
0.041028 92.000000 97.000000 97.000000 97.000000 92.000000 
0.041028 92.000000 97.000000 97.000000 97.000000 92.000000 
0.051285 92.000000 97.000000 97.000000 97.000000 92.000000 
0.051285 92.000000 97.000000 97.000000 97.000000 92.000000 
0.061542 92.000000 97.000000 97.000000 97.000000 92.000000 
0.061542 92.000000 97.000000 97.000000 97.000000 92.000000 
0.071799 92.000000 97.000000 97.000000 97.000000 92.000000 
0.082056 92.000000 97.000000 97.000000 97.000000 92.000000 
0.082056 92.000000 97.000000 97.000000 97.000000 92.000000 
0.092313 92.000000 97.000000 97.000000 97.000000 92.000000 
0.092313 92.000000 98.000000 98.000000 98.000000 92.000000 
0.102570 92.000000 98.000000 98.000000 98.000000 92.000000 
0.112827 92.000000 98.000000 98.000000 98.000000 92.000000 
0.112827 92.000000 98.000000 98.000000 98.000000 92.000000 
0.112827 92.000000 98.000000 98.000000 98.000000 92.000000 
0.133341 92.000000 98.000000 98.000000 98.000000 92.000000 
0.133341 92.000000 98.000000 98.000000 98.000000 92.000000 
0.133341 92.000000 98.000000 98.000000 98.000000 92.000000 
0.143598 92.000000 98.000000 98.000000 98.000000 92.000000 
0.153855 92.000000 98.000000 98.000000 98.000000 92.000000 
0.153855 92.000000 98.000000 98.000000 98.000000 92.000000 
0.164112 92.000000 98.000000 98.000000 98.000000 92.000000 
0.174369 92.000000 98.000000 98.000000 98.000000 92.000000 
0.164112 92.000000 98.000000 98.000000 98.000000 92.000000 
0.184626 92.000000 98.000000 98.000000 98.000000 92.000000 
0.184626 92.000000 99.000000 99.000000 99.000000 92.000000 
0.194883 92.000000 98.000000 98.000000 98.000000 92.000000 
0.194883 92.000000 98.000000 98.000000 98.000000 92.000000 
0.205140 92.000000 99.000000 99.000000 99.000000 92.000000 
0.194883 92.000000 99.000000 99.000000 99.000000 92.000000 
0.205140 92.000000 99.000000 99.000000 99.000000 92.000000 
0.194883 92.000000 99.000000 99.000000 99.000000 92.000000 
0.205140 92.000000 98.000000 98.000000 98.000000 92.000000 
0.205140 92.000000 99.000000 99.000000 99.000000 92.000000 
0.194883 92.000000 98.000000 98.000000 98.000000 92.000000 
0.205140 92.000000 99.000000 99.000000 99.000000 92.000000 
0.194883 92.000000 99.000000 99.000000 99.000000 92.000000 
0.205140 92.000000 99.000000 99.000000 99.000000 92.000000 
0.194883 92.000000 99.000000 99.000000 99.000000 92.000000 
0.205140 92.000000 99.000000 99.000000 99.000000 92.000000 
0.194883 92.000000 99.000000 99.000000 99.000000 92.000000 
0.205140 92.000000 99.000000 99.000000 99.000000 92.000000 
0.194883 92.000000 99.000000 99.000000 99.000000 92.000000 
0.205140 92.000000 99.000000 99.000000 99.000000 92.000000 
0.194883 92.000000 99.000000 99.000000 99.000000 92.000000 
0.205140 92.000000 100.000000 100.000000 100.000000 92.000000 
0.194883 92.000000 100.000000 100.000000 100.000000 92.000000 
0.205140 92.000000 100.000000 100.000000 100.000000 92.000000 
0.194883 92.000000 100.000000 100.000000 100.000000 92.000000 
0.205140 92.000000 100.000000 100.000000 100.000000 92.000000 
0.184626 92.000000 100.000000 100.000000 100.000000 92.000000 
0.184626 92.000000 100.000000 100.000000 100.000000 92.000000 
0.184626 92.000000 100.000000 100.000000 100.000000 92.000000 
0.164112 92.000000 100.000000 100.000000 100.000000 92.000000 
0.164112 92.000000 100.000000 100.000000 100.000000 92.000000 
0.153855 92.000000 100.000000 100.000000 100.000000 92.000000 
0.153855 92.000000 101.000000 101.000000 101.000000 92.000000 
0.143598 92.000000 101.000000 101.000000 101.000000 92.000000 
0.133341 92.000000 101.000000 101.000000 101.000000 92.000000 
0.133341 92.000000 101.000000 101.000000 101.000000 92.000000 
0.123084 92.000000 101.000000 101.000000 101.000000 92.000000 
0.102570 92.000000 101.000000 101.000000 101.000000 92.000000 
0.092313 92.000000 101.000000 101.000000 101.000000 92.000000 
0.082056 92.000000 101.000000 101.000000 101.000000 92.000000 
0.071799 92.000000 101.000000 101.000000 101.000000 92.000000 
0.061542 92.000000 101.000000 101.000000 101.000000 92.000000 
0.051285 92.000000 101.000000 101.000000 101.000000 92.000000 
0.041028 92.000000 101.000000 101.000000 101.000000 92.000000 
0.000000 92.000000 101.000000 101.000000 101.000000 92.000000 
0.000000 92.000000 101.000000 101.000000 101.000000 92.000000 
0.000000 92.000000 101.000000 101.000000 101.000000 92.000000 
0.000000 92.000000 101.000000 101.000000 101.000000 92.000000 
0.000000 92.000000 101.000000 101.000000 101.000000 92.000000 
0.000000 92.000000 101.000000 101.000000 101.000000 92.000000 
0.000000 92.000000 101.000000 101.000000 101.000000 92.000000 
0.000000 92.000000 101.000000 101.000000 101.000000 92.000000 
0.000000 92.000000 101.000000 101.000000 101.000000 92.000000 
0.000000 92.000000 101.000000 101.000000 101.000000 92.000000 
0.000000 92.000000 101.000000 101.000000 101.000000 92.000000 
0.000000 92.000000 101.000000 101.000000 101.000000 92.000000 
0.000000 92.000000 101.000000 101.000000 101.000000 92.000000 
0.000000 92.000000 101.000000 101.000000 101.000000 92.000000 
0.000000 92.000000 101.000000 101.000000 101.000000 92.000000 
0.000000 92.000000 101.000000 101.000000 101.000000 92.000000 
0.000000 92.000000 101.000000 101.000000 101.000000 92.000000 
0.000000 92.000000 101.000000 101.000000 101.000000 92.000000 
0.000000 92.000000 101.000000 101.000000 101.000000 92.000000 
0.000000 92.000000 101.000000 101.000000 101.000000 92.000000 
0.000000 92.000000 101.000000 101.000000 101.000000 92.000000 
0.000000 92.000000 101.000000 101.000000 101.000000 92.000000 
0.000000 92.000000 101.000000 101.000000 101.000000 92.000000 
0.000000 92.000000 101.000000 101.000000 101.000000 92.000000 
0.000000 92.000000 101.000000 101.000000 101.000000 92.000000 
0.000000 92.000000 101.000000 101.000000 101.000000 92.000000 
0.000000 92.000000 101.000000 101.000000 101.000000 92.000000 
0.000000 92.000000 101.000000 101.000000 101.000000 92.000000 
0.000000 92.000000 101.000000 101.000000 101.000000 92.000000 
0.000000 92.000000 101.000000 101.000000 101.000000 92.000000 
0.000000 92.000000 101.000000 101.000000 101.000000 92.000000 
0.000000 92.000000 101.000000 101.000000 101.000000 92.000000 
0.000000 92.000000 101.000000 101.000000 101.000000 92.000000 
0.000000 92.000000 101.000000 101.000000 101.000000 92.000000 
0.000000 92.000000 101.000000 101.000000 101.000000 92.000000 
0.000000 92.000000 101.000000 101.000000 101.000000 92.000000 
0.000000 92.000000 101.000000 101.000000 101.000000 92.000000 
0.000000 92.000000 101.000000 101.000000 101.000000 92.000000 
0.000000 92.000000 101.000000 101.000000 101.000000 92.000000 
0.000000 92.000000 101.000000 101.000000 101.000000 92.000000 
0.000000 92.000000 101.000000 101.000000 101.000000 92.000000 
0.000000 92.000000 101.000000 101.000000 101.000000 92.000000 
0.000000 92.000000 101.000000 101.000000 101.000000 92.000000 
0.000000 92.000000 101.000000 101.000000 101.000000 92.000000 
0.000000 92.000000 101.000000 101.000000 101.000000 92.000000 
0.000000 92.000000 101.000000 101.000000 101.000000 92.000000 
0.000000 92.000000 101.000000 101.000000 101.000000 92.000000 
0.000000 92.000000 101.000000 101.000000 101.000000 92.000000 
0.000000 92.000000 101.000000 101.000000 101.000000 92.000000 
0.000000 92.000000 101.000000 101.000000 101.000000 92.000000 
0.000000 92.000000 101.000000 101.000000 101.000000 92.000000 
0.000000 92.000000 101.000000 101.000000 101.000000 92.000000 
0.000000 92.000000 101.000000 101.000000 101.000000 92.000000 
0.000000 92.000000 101.000000 101.000000 101.000000 92.000000 
0.000000 92.000000 101.000000 101.000000 101.000000 92.000000 
0.000000 92.000000 101.000000 101.000000 101.000000 92.000000 
0.000000 92.000000 101.000000 101.000000 101.000000 92.000000 
0.000000 92.000000 101.000000 101.000000 101.000000 92.000000 
0.000000 92.000000 101.000000 101.000000 101.000000 92.000000 
0.000000 92.000000 101.000000 101.000000 101.000000 92.000000 
0.000000 92.000000 101.000000 101.000000 101.000000 92.000000 
0.000000 92.000000 101.000000 101.000000 101.000000 92.000000 
0.000000 92.000000 101.000000 101.000000 101.000000 92.000000 
0.000000 92.000000 101.000000 101.000000 101.000000 92.000000 
0.000000 92.000000 101.000000 101.000000 101.000000 92.000000 
0.000000 92.000000 101.000000 101.000000 101.000000 92.000000 
0.000000 92.000000 101.000000 101.000000 101.000000 92.000000 
0.000000 92.000000 101.000000 101.000000 101.000000 92.000000 
0.000000 92.000000 101.000000 101.000000 101.000000 92.000000 
0.000000 92.000000 101.000000 101.000000 101.000000 92.000000 
0.000000 92.000000 101.000000 101.000000 101.000000 92.000000 
0.000000 92.000000 101.000000 101.000000 101.000000 92.000000 
0.000000 92.000000 101.000000 101.000000 101.000000 92.000000 
0.000000 92.000000 101.000000 101.000000 101.000000 92.000000 
0.000000 92.000000 101.000000 101.000000 101.000000 92.000000 
0.000000 92.000000 101.000000 101.000000 101.000000 92.000000 
0.000000 92.000000 101.000000 101.000000 101.000000 92.000000 
0.000000 92.000000 101.000000 101.000000 101.000000 92.000000 
0.000000 92.000000 101.000000 101.000000 101.000000 92.000000 
0.000000 92.000000 101.000000 101.000000 101.000000 92.000000 
0.000000 92.000000 101.000000 101.000000 101.000000 92.000000 
0.000000 92.000000 101.000000 101.000000 101.000000 92.000000 
0.000000 92.000000 101.000000 101.000000 101.000000 92.000000 
0.000000 92.000000 101.000000 101.000000 101.000000 92.000000 
0.000000 92.000000 101.000000 101.000000 101.000000 92.000000 
0.000000 92.000000 101.000000 101.000000 101.000000 92.000000 
0.000000 92.000000 101.000000 101.000000 101.000000 92.000000 
0.000000 92.000000 101.000000 101.000000 101.000000 92.000000 
0.000000 92.000000 101.000000 101.000000 101.000000 92.000000 
0.000000 92.000000 101.000000 101.000000 101.000000 92.000000 
0.000000 92.000000 101.000000 101.000000 101.000000 92.000000 
0.000000 92.000000 101.000000 101.000000 101.000000 92.000000 
0.000000 92.000000 101.000000 101.000000 101.000000 92.000000 
0.000000 92.000000 101.000000 101.000000 101.000000 92.000000 
0.000000 92.000000 101.000000 101.000000 101.000000 92.000000 
0.000000 92.000000 101.000000 101.000000 101.000000 92.000000 
0.000000 92.000000 101.000000 101.000000 101.000000 92.000000 
0.000000 92.000000 101.000000 101.000000 101.000000 92.000000 
0.000000 92.000000 101.000000 101.000000 101.000000 92.000000 
0.000000 92.000000 101.000000 101.000000 101.000000 92.000000 
0.000000 92.000000 101.000000 101.000000 101.000000 92.000000 
0.000000 92.000000 101.000000 101.000000 101.000000 92.000000 
0.000000 92.000000 101.000000 101.000000 101.000000 92.000000 
0.000000 92.000000 101.000000 101.000000 101.000000 92.000000 
0.000000 92.000000 101.000000 101.000000 101.000000 92.000000 
0.000000 92.000000 101.000000 101.000000 101.000000 92.000000 
0.010257 92.000000 101.000000 101.000000 101.000000 92.000000 
0.010257 92.000000 101.000000 101.000000 101.000000 92.000000 
0.010257 92.000000 101.000000 101.000000 101.000000 92.000000 
0.020514 92.000000 101.000000 101.000000 101.000000 92.000000 
0.030771 92.000000 101.000000 101.000000 101.000000 92.000000 
0.041028 92.000000 101.000000 101.000000 101.000000 92.000000 
0.041028 92.000000 101.000000 101.000000 101.000000 92.000000 
0.051285 92.000000 101.000000 101.000000 101.000000 92.000000 
0.051285 92.000000 101.000000 101.000000 101.000000 92.000000 
0.061542 92.000000 101.000000 101.000000 101.000000 92.000000 
0.071799 92.000000 101.000000 101.000000 101.000000 92.000000 
0.061542 92.000000 101.000000 101.000000 101.000000 92.000000 
0.082056 92.000000 101.000000 101.000000 101.000000 92.000000 
0.082056 92.000000 101.000000 101.000000 101.000000 92.000000 
0.092313 92.000000 101.000000 101.000000 101.000000 92.000000 
0.102570 92.000000 102.000000 102.000000 102.000000 92.000000 
0.092313 92.000000 102.000000 102.000000 102.000000 92.000000 
0.112827 92.000000 102.000000 102.000000 102.000000 92.000000 
0.112827 92.000000 102.000000 102.000000 102.000000 92.000000 
0.123084 92.000000 102.000000 102.000000 102.000000 92.000000 
0.123084 92.000000 102.000000 102.000000 102.000000 92.000000 
0.133341 92.000000 102.000000 102.000000 102.000000 92.000000 
0.143598 92.000000 102.000000 102.000000 102.000000 92.000000 
0.133341 92.000000 102.000000 102.000000 102.000000 92.000000 
0.153855 92.000000 102.000000 102.000000 102.000000 92.000000 
0.164112 92.000000 102.000000 102.000000 102.000000 92.000000 
0.153855 92.000000 102.000000 102.000000 102.000000 92.000000 
0.174369 92.000000 102.000000 102.000000 102.000000 92.000000 
0.164112 92.000000 102.000000 102.000000 102.000000 92.000000 
0.184626 92.000000 102.000000 102.000000 102.000000 92.000000 
0.184626 92.000000 104.000000 104.000000 104.000000 92.000000 
0.194883 92.000000 103.000000 103.000000 103.000000 92.000000 
0.205140 92.000000 103.000000 103.000000 103.000000 92.000000 
0.194883 92.000000 104.000000 104.000000 104.000000 92.000000 
0.205140 92.000000 103.000000 103.000000 103.000000 92.000000 
0.194883 92.000000 104.000000 104.000000 104.000000 92.000000 
0.205140 92.000000 104.000000 104.000000 104.000000 92.000000 
0.194883 92.000000 103.000000 103.000000 103.000000 92.000000 
0.205140 92.000000 104.000000 104.000000 104.000000 92.000000 
0.194883 92.000000 103.000000 103.000000 103.000000 92.000000 
0.205140 92.000000 105.000000 105.000000 105.000000 92.000000 
0.194883 92.000000 105.000000 105.000000 105.000000 92.000000 
0.205140 92.000000 105.000000 105.000000 105.000000 92.000000 
0.194883 92.000000 105.000000 105.000000 105.000000 92.000000 
0.205140 92.000000 105.000000 105.000000 105.000000 92.000000 
0.194883 92.000000 105.000000 105.000000 105.000000 92.000000 
0.205140 92.000000 105.000000 105.000000 105.000000 92.000000 
0.194883 92.000000 105.000000 105.000000 105.000000 92.000000 
0.205140 92.000000 105.000000 105.000000 105.000000 92.000000 
0.194883 92.000000 105.000000 105.000000 105.000000 92.000000 
0.205140 92.000000 106.000000 106.000000 106.000000 92.000000 
0.194883 92.000000 106.000000 106.000000 106.000000 92.000000 
0.205140 92.000000 106.000000 106.000000 106.000000 92.000000 
0.194883 92.000000 106.000000 106.000000 106.000000 92.000000 
0.205140 92.000000 106.000000 106.000000 106.000000 92.000000 
0.194883 92.000000 106.000000 106.000000 106.000000 92.000000 
0.174369 92.000000 106.000000 106.000000 106.000000 92.000000 
0.184626 92.000000 106.000000 106.000000 106.000000 92.000000 
0.164112 92.000000 106.000000 106.000000 106.000000 92.000000 
0.164112 92.000000 106.000000 106.000000 106.000000 92.000000 
0.153855 92.000000 106.000000 106.000000 106.000000 92.000000 
0.153855 92.000000 108.000000 108.000000 108.000000 92.000000 
0.143598 92.000000 108.000000 108.000000 108.000000 92.000000 
0.133341 92.000000 108.000000 108.000000 108.000000 92.000000 
0.133341 92.000000 108.000000 108.000000 108.000000 92.000000 
0.123084 92.000000 108.000000 108.000000 108.000000 92.000000 
0.112827 92.000000 108.000000 108.000000 108.000000 92.000000 
0.082056 92.000000 108.000000 108.000000 108.000000 92.000000 
0.082056 92.000000 108.000000 108.000000 108.000000 92.000000 
0.071799 92.000000 108.000000 108.000000 108.000000 92.000000 
0.061542 92.000000 108.000000 108.000000 108.000000 92.000000 
0.051285 92.000000 108.000000 108.000000 108.000000 92.000000 
0.041028 92.000000 108.000000 108.000000 108.000000 92.000000 
0.000000 92.000000 108.000000 108.000000 108.000000 92.000000 
0.000000 92.000000 108.000000 108.000000 108.000000 92.000000 
0.000000 92.000000 108.000000 108.000000 108.000000 92.000000 
0.000000 92.000000 108.000000 108.000000 108.000000 92.000000 
0.000000 92.000000 108.000000 108.000000 108.000000 92.000000 
0.000000 92.000000 108.000000 108.000000 108.000000 92.000000 
0.000000 92.000000 108.000000 108.000000 108.000000 92.000000 
0.000000 92.000000 108.000000 108.000000 108.000000 92.000000 
0.000000 92.000000 108.000000 108.000000 108.000000 92.000000 
0.000000 92.000000 108.000000 108.000000 108.000000 92.000000 
0.000000 92.000000 108.000000 108.000000 108.000000 92.000000 
0.000000 92.000000 108.000000 108.000000 108.000000 92.000000 
0.000000 92.000000 108.000000 108.000000 108.000000 92.000000 
0.000000 92.000000 108.000000 108.000000 108.000000 92.000000 
0.000000 92.000000 108.000000 108.000000 108.000000 92.000000 
0.000000 92.000000 108.000000 108.000000 108.000000 92.000000 
0.000000 92.000000 108.000000 108.000000 108.000000 92.000000 
0.000000 92.000000 108.000000 108.000000 108.000000 92.000000 
0.000000 92.000000 108.000000 108.000000 108.000000 92.000000 
0.000000 92.000000 108.000000 108.000000 108.000000 92.000000 
0.000000 92.000000 108.000000 108.000000 108.000000 92.000000 
0.000000 92.000000 108.000000 108.000000 108.000000 92.000000 
0.000000 92.000000 108.000000 108.000000 108.000000 92.000000 
0.000000 92.000000 108.000000 108.000000 108.000000 92.000000 
0.000000 92.000000 108.000000 108.000000 108.000000 92.000000 
0.000000 92.000000 108.000000 108.000000 108.000000 92.000000 
0.000000 92.000000 108.000000 108.000000 108.000000 92.000000 
0.000000 92.000000 108.000000 108.000000 108.000000 92.000000 
0.000000 92.000000 108.000000 108.000000 108.000000 92.000000 
0.000000 92.000000 108.000000 108.000000 108.000000 92.000000 
0.000000 92.000000 108.000000 108.000000 108.000000 92.000000 
0.000000 92.000000 108.000000 108.000000 108.000000 92.000000 
0.000000 92.000000 108.000000 108.000000 108.000000 92.000000 
0.000000 92.000000 108.000000 108.000000 108.000000 92.000000 
0.000000 92.000000 108.000000 108.000000 108.000000 92.000000 
0.000000 92.000000 108.000000 108.000000 108.000000 92.000000 
0.000000 92.000000 108.000000 108.000000 108.000000 92.000000 
0.000000 92.000000 108.000000 108.000000 108.000000 92.000000 
0.000000 92.000000 108.000000 108.000000 108.000000 92.000000 
0.000000 92.000000 108.000000 108.000000 108.000000 92.000000 
0.000000 92.000000 108.000000 108.000000 108.000000 92.000000 
0.000000 92.000000 108.000000 108.000000 108.000000 92.000000 
0.000000 92.000000 108.000000 108.000000 108.000000 92.000000 
0.000000 92.000000 108.000000 108.000000 108.000000 92.000000 
0.000000 92.000000 108.000000 108.000000 108.000000 92.000000 
0.000000 92.000000 108.000000 108.000000 108.000000 92.000000 
0.000000 92.000000 108.000000 108.000000 108.000000 92.000000 
0.000000 92.000000 108.000000 108.000000 108.000000 92.000000 
0.000000 92.000000 108.000000 108.000000 108.000000 92.000000 
0.000000 92.000000 108.000000 108.000000 108.000000 92.000000 
0.000000 92.000000 108.000000 108.000000 108.000000 92.000000 
0.000000 92.000000 108.000000 108.000000 108.000000 92.000000 
0.000000 92.000000 108.000000 108.000000 108.000000 92.000000 
0.000000 92.000000 108.000000 108.000000 108.000000 92.000000 
0.000000 92.000000 108.000000 108.000000 108.000000 92.000000 
0.000000 92.000000 108.000000 108.000000 108.000000 92.000000 
0.000000 92.000000 108.000000 108.000000 108.000000 92.000000 
0.000000 92.000000 108.000000 108.000000 108.000000 92.000000 
0.000000 92.000000 108.000000 108.000000 108.000000 92.000000 
0.000000 92.000000 108.000000 108.000000 108.000000 92.000000 
0.000000 92.000000 108.000000 108.000000 108.000000 92.000000 
0.000000 92.000000 108.000000 108.000000 108.000000 92.000000 
0.000000 92.000000 108.000000 108.000000 108.000000 92.000000 
0.000000 92.000000 108.000000 108.000000 108.000000 92.000000 
0.000000 92.000000 108.000000 108.000000 108.000000 92.000000 
0.000000 92.000000 108.000000 108.000000 108.000000 92.000000 
0.000000 92.000000 108.000000 108.000000 108.000000 92.000000 
0.000000 92.000000 108.000000 108.000000 108.000000 92.000000 
0.000000 92.000000 108.000000 108.000000 108.000000 92.000000 
0.000000 92.000000 108.000000 108.000000 108.000000 92.000000 
0.000000 92.000000 108.000000 108.000000 108.000000 92.000000 
0.000000 92.000000 108.000000 108.000000 108.000000 92.000000 
0.000000 92.000000 108.000000 108.000000 108.000000 92.000000 
0.000000 92.000000 108.000000 108.000000 108.000000 92.000000 
0.000000 92.000000 108.000000 108.000000 108.000000 92.000000 
0.000000 92.000000 108.000000 108.000000 108.000000 92.000000 
0.000000 92.000000 108.000000 108.000000 108.000000 92.000000 
0.000000 92.000000 108.000000 108.000000 108.000000 92.000000 
0.000000 92.000000 108.000000 108.000000 108.000000 92.000000 
0.000000 92.000000 108.000000 108.000000 108.000000 92.000000 
0.000000 92.000000 108.000000 108.000000 108.000000 92.000000 
0.000000 92.000000 108.000000 108.000000 108.000000 92.000000 
0.000000 92.000000 108.000000 108.000000 108.000000 92.000000 
0.000000 92.000000 108.000000 108.000000 108.000000 92.000000 
0.000000 92.000000 108.000000 108.000000 108.000000 92.000000 
0.000000 92.000000 108.000000 108.000000 108.000000 92.000000 
0.000000 92.000000 108.000000 108.000000 108.000000 92.000000 
0.000000 92.000000 108.000000 108.000000 108.000000 92.000000 
0.000000 92.000000 108.000000 108.000000 108.000000 92.000000 
0.000000 92.000000 108.000000 108.000000 108.000000 92.000000 
0.000000 92.000000 108.000000 108.000000 108.000000 92.000000 
0.000000 92.000000 108.000000 108.000000 108.000000 92.000000 
0.000000 92.000000 108.000000 108.000000 108.000000 92.000000 
0.000000 92.000000 108.000000 108.000000 108.000000 92.000000 
0.000000 92.000000 108.000000 108.000000 108.000000 92.000000 
0.000000 92.000000 108.000000 108.000000 108.000000 92.000000 
0.000000 92.000000 108.000000 108.000000 108.000000 92.000000 
0.000000 92.000000 108.000000 108.000000 108.000000 92.000000 
0.000000 92.000000 108.000000 108.000000 108.000000 92.000000 
0.000000 92.000000 108.000000 108.000000 108.000000 92.000000 
0.000000 92.000000 108.000000 108.000000 108.000000 92.000000 
0.000000 92.000000 108.000000 108.000000 108.000000 92.000000 
0.000000 92.000000 108.000000 108.000000 108.000000 92.000000 
0.000000 92.000000 108.000000 108.000000 108.000000 92.000000 
0.000000 92.000000 108.000000 108.000000 108.000000 92.000000 
0.000000 92.000000 108.000000 108.000000 108.000000 92.000000 
0.010257 92.000000 108.000000 108.000000 108.000000 92.000000 
0.010257 92.000000 108.000000 108.000000 108.000000 92.000000 
0.020514 92.000000 108.000000 108.000000 108.000000 92.000000 
0.020514 92.000000 108.000000 108.000000 108.000000 92.000000 
0.020514 92.000000 108.000000 108.000000 108.000000 92.000000 
0.041028 92.000000 108.000000 108.000000 108.000000 92.000000 
0.041028 92.000000 108.000000 108.000000 108.000000 92.000000 
0.051285 92.000000 108.000000 108.000000 108.000000 92.000000 
0.051285 92.000000 108.000000 108.000000 108.000000 92.000000 
0.061542 92.000000 108.000000 108.000000 108.000000 92.000000 
0.071799 92.000000 108.000000 108.000000 108.000000 92.000000 
0.071799 92.000000 108.000000 108.000000 108.000000 92.000000 
0.071799 92.000000 108.000000 108.000000 108.000000 92.000000 
0.082056 92.000000 108.000000 108.000000 108.000000 92.000000 
0.092313 92.000000 108.000000 108.000000 108.000000 92.000000 
0.102570 92.000000 109.000000 109.000000 109.000000 92.000000 
0.092313 92.000000 109.000000 109.000000 109.000000 92.000000 
0.112827 92.000000 109.000000 109.000000 109.000000 92.000000 
0.112827 92.000000 109.000000 109.000000 109.000000 92.000000 
0.123084 92.000000 109.000000 109.000000 109.000000 92.000000 
0.123084 92.000000 109.000000 109.000000 109.000000 92.000000 
0.133341 92.000000 109.000000 109.000000 109.000000 92.000000 
0.143598 92.000000 109.000000 109.000000 109.000000 92.000000 
0.133341 92.000000 109.000000 109.000000 109.000000 92.000000 
0.153855 92.000000 109.000000 109.000000 109.000000 92.000000 
0.164112 92.000000 109.000000 109.000000 109.000000 92.000000 
0.153855 92.000000 109.000000 109.000000 109.000000 92.000000 
0.174369 92.000000 109.000000 109.000000 109.000000 92.000000 
0.164112 92.000000 109.000000 109.000000 109.000000 92.000000 
0.184626 92.000000 109.000000 109.000000 109.000000 92.000000 
0.194883 92.000000 111.000000 111.000000 111.000000 92.000000 
0.184626 92.000000 111.000000 111.000000 111.000000 92.000000 
0.205140 92.000000 111.000000 111.000000 111.000000 92.000000 
0.194883 92.000000 111.000000 111.000000 111.000000 92.000000 
0.205140 92.000000 111.000000 111.000000 111.000000 92.000000 
0.194883 92.000000 111.000000 111.000000 111.000000 92.000000 
0.205140 92.000000 111.000000 111.000000 111.000000 92.000000 
0.194883 92.000000 111.000000 111.000000 111.000000 92.000000 
0.205140 92.000000 111.000000 111.000000 111.000000 92.000000 
0.194883 92.000000 111.000000 111.000000 111.000000 92.000000 
0.205140 92.000000 113.000000 113.000000 113.000000 92.000000 
0.194883 92.000000 113.000000 113.000000 113.000000 92.000000 
0.205140 92.000000 113.000000 113.000000 113.000000 92.000000 
0.194883 92.000000 113.000000 113.000000 113.000000 92.000000 
0.205140 92.000000 113.000000 113.000000 113.000000 92.000000 
0.194883 92.000000 113.000000 113.000000 113.000000 92.000000 
0.205140 92.000000 113.000000 113.000000 113.000000 92.000000 
0.194883 92.000000 113.000000 113.000000 113.000000 92.000000 
0.205140 92.000000 113.000000 113.000000 113.000000 92.000000 
0.194883 92.000000 113.000000 113.000000 113.000000 92.000000 
0.205140 92.000000 115.000000 115.000000 115.000000 92.000000 
0.205140 92.000000 115.000000 115.000000 115.000000 92.000000 
0.194883 92.000000 115.000000 115.000000 115.000000 92.000000 
0.205140 92.000000 115.000000 115.000000 115.000000 92.000000 
0.194883 92.000000 115.000000 115.000000 115.000000 92.000000 
0.194883 92.000000 115.000000 115.000000 115.000000 92.000000 
0.174369 92.000000 115.000000 115.000000 115.000000 92.000000 
0.184626 92.000000 115.000000 115.000000 115.000000 92.000000 
0.164112 92.000000 115.000000 115.000000 115.000000 92.000000 
0.164112 92.000000 115.000000 115.000000 115.000000 92.000000 
0.164112 92.000000 115.000000 115.000000 115.000000 92.000000 
0.143598 92.000000 118.000000 118.000000 118.000000 92.000000 
0.143598 92.000000 118.000000 118.000000 118.000000 92.000000 
0.133341 92.000000 118.000000 118.000000 118.000000 92.000000 
0.123084 92.000000 118.000000 118.000000 118.000000 92.000000 
0.123084 92.000000 118.000000 118.000000 118.000000 92.000000 
0.112827 92.000000 118.000000 118.000000 118.000000 92.000000 
0.092313 92.000000 118.000000 118.000000 118.000000 92.000000 
0.071799 92.000000 118.000000 118.000000 118.000000 92.000000 
0.071799 92.000000 118.000000 118.000000 118.000000 92.000000 
0.061542 92.000000 118.000000 118.000000 118.000000 92.000000 
0.051285 92.000000 118.000000 118.000000 118.000000 92.000000 
0.041028 92.000000 118.000000 118.000000 118.000000 92.000000 
0.000000 92.000000 118.000000 118.000000 118.000000 92.000000 
0.000000 92.000000 118.000000 118.000000 118.000000 92.000000 
0.000000 92.000000 118.000000 118.000000 118.000000 92.000000 
0.000000 92.000000 118.000000 118.000000 118.000000 92.000000 
0.000000 92.000000 118.000000 118.000000 118.000000 92.000000 
0.000000 92.000000 118.000000 118.000000 118.000000 92.000000 
0.000000 92.000000 118.000000 118.000000 118.000000 92.000000 
0.000000 92.000000 118.000000 118.000000 118.000000 92.000000 
0.000000 92.000000 118.000000 118.000000 118.000000 92.000000 
0.000000 92.000000 118.000000 118.000000 118.000000 92.000000 
0.000000 92.000000 118.000000 118.000000 118.000000 92.000000 
0.000000 92.000000 118.000000 118.000000 118.000000 92.000000 
0.000000 92.000000 118.000000 118.000000 118.000000 92.000000 
0.000000 92.000000 118.000000 118.000000 118.000000 92.000000 
0.000000 92.000000 118.000000 118.000000 118.000000 92.000000 
0.000000 92.000000 118.000000 118.000000 118.000000 92.000000 
0.000000 92.000000 118.000000 118.000000 118.000000 92.000000 
0.000000 92.000000 118.000000 118.000000 118.000000 92.000000 
0.000000 92.000000 118.000000 118.000000 118.000000 92.000000 
0.000000 92.000000 118.000000 118.000000 118.000000 92.000000 
0.000000 92.000000 118.000000 118.000000 118.000000 92.000000 
0.000000 92.000000 118.000000 118.000000 118.000000 92.000000 
0.000000 92.000000 118.000000 118.000000 118.000000 92.000000 
0.000000 92.000000 118.000000 118.000000 118.000000 92.000000 
0.000000 92.000000 118.000000 118.000000 118.000000 92.000000 
0.000000 92.000000 118.000000 118.000000 118.000000 92.000000 
0.000000 92.000000 118.000000 118.000000 118.000000 92.000000 
0.000000 92.000000 118.000000 118.000000 118.000000 92.000000 
0.000000 92.000000 118.000000 118.000000 118.000000 92.000000 
0.000000 92.000000 118.000000 118.000000 118.000000 92.000000 
0.000000 92.000000 118.000000 118.000000 118.000000 92.000000 
0.000000 92.000000 118.000000 118.000000 118.000000 92.000000 
0.000000 92.000000 118.000000 118.000000 118.000000 92.000000 
0.000000 92.000000 118.000000 118.000000 118.000000 92.000000 
0.000000 92.000000 118.000000 118.000000 118.000000 92.000000 
0.000000 92.000000 118.000000 118.000000 118.000000 92.000000 
0.000000 92.000000 118.000000 118.000000 118.000000 92.000000 
0.000000 92.000000 118.000000 118.000000 118.000000 92.000000 
0.000000 92.000000 118.000000 118.000000 118.000000 92.000000 
0.000000 92.000000 118.000000 118.000000 118.000000 92.000000 
0.000000 92.000000 118.000000 118.000000 118.000000 92.000000 
0.000000 92.000000 118.000000 118.000000 118.000000 92.000000 
0.000000 92.000000 118.000000 118.000000 118.000000 92.000000 
0.000000 92.000000 118.000000 118.000000 118.000000 92.000000 
0.000000 92.000000 118.000000 118.000000 118.000000 92.000000 
0.000000 92.000000 118.000000 118.000000 118.000000 92.000000 
0.000000 92.000000 118.000000 118.000000 118.000000 92.000000 
0.000000 92.000000 118.000000 118.000000 118.000000 92.000000 
0.000000 92.000000 118.000000 118.000000 118.000000 92.000000 
0.000000 92.000000 118.000000 118.000000 118.000000 92.000000 
0.000000 92.000000 118.000000 118.000000 118.000000 92.000000 
0.000000 92.000000 118.000000 118.000000 118.000000 92.000000 
0.000000 92.000000 118.000000 118.000000 118.000000 92.000000 
0.000000 92.000000 118.000000 118.000000 118.000000 92.000000 
0.000000 92.000000 118.000000 118.000000 118.000000 92.000000 
0.000000 92.000000 118.000000 118.000000 118.000000 92.000000 
0.000000 92.000000 118.000000 118.000000 118.000000 92.000000 
0.000000 92.000000 118.000000 118.000000 118.000000 92.000000 
0.000000 92.000000 118.000000 118.000000 118.000000 92.000000 
0.000000 92.000000 118.000000 118.000000 118.000000 92.000000 
0.000000 92.000000 118.000000 118.000000 118.000000 92.000000 
0.000000 92.000000 118.000000 118.000000 118.000000 92.000000 
0.000000 92.000000 118.000000 118.000000 118.000000 92.000000 
0.000000 92.000000 118.000000 118.000000 118.000000 92.000000 
0.000000 92.000000 118.000000 118.000000 118.000000 92.000000 
0.000000 92.000000 118.000000 118.000000 118.000000 92.000000 
0.000000 92.000000 118.000000 118.000000 118.000000 92.000000 
0.000000 92.000000 118.000000 118.000000 118.000000 92.000000 
0.000000 92.000000 118.000000 118.000000 118.000000 92.000000 
0.000000 92.000000 118.000000 118.000000 118.000000 92.000000 
0.000000 92.000000 118.000000 118.000000 118.000000 92.000000 
0.000000 92.000000 118.000000 118.000000 118.000000 92.000000 
0.000000 92.000000 118.000000 118.000000 118.000000 92.000000 
0.000000 92.000000 118.000000 118.000000 118.000000 92.000000 
0.000000 92.000000 118.000000 118.000000 118.000000 92.000000 
0.000000 92.000000 118.000000 118.000000 118.000000 92.000000 
0.000000 92.000000 118.000000 118.000000 118.000000 92.000000 
0.000000 92.000000 118.000000 118.000000 118.000000 92.000000 
0.000000 92.000000 118.000000 118.000000 118.000000 92.000000 
0.000000 92.000000 118.000000 118.000000 118.000000 92.000000 
0.000000 92.000000 118.000000 118.000000 118.000000 92.000000 
0.000000 92.000000 118.000000 118.000000 118.000000 92.000000 
0.000000 92.000000 118.000000 118.000000 118.000000 92.000000 
0.000000 92.000000 118.000000 118.000000 118.000000 92.000000 
0.000000 92.000000 118.000000 118.000000 118.000000 92.000000 
0.000000 92.000000 118.000000 118.000000 118.000000 92.000000 
0.000000 92.000000 118.000000 118.000000 118.000000 92.000000 
0.000000 92.000000 118.000000 118.000000 118.000000 92.000000 
0.000000 92.000000 118.000000 118.000000 118.000000 92.000000 
0.000000 92.000000 118.000000 118.000000 118.000000 92.000000 
0.000000 92.000000 118.000000 118.000000 118.000000 92.000000 
0.000000 92.000000 118.000000 118.000000 118.000000 92.000000 
0.000000 92.000000 118.000000 118.000000 118.000000 92.000000 
0.000000 92.000000 118.000000 118.000000 118.000000 92.000000 
0.000000 92.000000 118.000000 118.000000 118.000000 92.000000 
0.000000 92.000000 118.000000 118.000000 118.000000 92.000000 
0.000000 92.000000 118.000000 118.000000 118.000000 92.000000 
0.000000 92.000000 118.000000 118.000000 118.000000 92.000000 
0.000000 92.000000 118.000000 118.000000 118.000000 92.000000 
0.000000 92.000000 118.000000 118.000000 118.000000 92.000000 
0.000000 92.000000 118.000000 118.000000 118.000000 92.000000 
0.000000 92.000000 118.000000 118.000000 118.000000 92.000000 
0.000000 92.000000 118.000000 118.000000 118.000000 92.000000 
0.000000 92.000000 118.000000 118.000000 118.000000 92.000000 
0.000000 92.000000 118.000000 118.000000 118.000000 92.000000 
0.000000 92.000000 118.000000 118.000000 118.000000 92.000000 
0.010257 92.000000 118.000000 118.000000 118.000000 92.000000 
0.010257 92.000000 118.000000 118.000000 118.000000 92.000000 
0.020514 92.000000 118.000000 118.000000 118.000000 92.000000 
0.020514 92.000000 118.000000 118.000000 118.000000 92.000000 
0.030771 92.000000 118.000000 118.000000 118.000000 92.000000 
0.030771 92.000000 118.000000 118.000000 118.000000 92.000000 
0.041028 92.000000 118.000000 118.000000 118.000000 92.000000 
0.051285 92.000000 118.000000 118.000000 118.000000 92.000000 
0.051285 92.000000 118.000000 118.000000 118.000000 92.000000 
0.061542 92.000000 118.000000 118.000000 118.000000 92.000000 
0.071799 92.000000 118.000000 118.000000 118.000000 92.000000 
0.071799 92.000000 118.000000 118.000000 118.000000 92.000000 
0.071799 92.000000 118.000000 118.000000 118.000000 92.000000 
0.082056 92.000000 118.000000 118.000000 118.000000 92.000000 
0.092313 92.000000 118.000000 118.000000 118.000000 92.000000 
0.102570 92.000000 118.000000 118.000000 118.000000 92.000000 
0.102570 92.000000 120.000000 120.000000 120.000000 92.000000 
0.102570 92.000000 120.000000 120.000000 120.000000 92.000000 
0.112827 92.000000 120.000000 120.000000 120.000000 92.000000 
0.123084 92.000000 120.000000 120.000000 120.000000 92.000000 
0.123084 92.000000 120.000000 120.000000 120.000000 92.000000 
0.133341 92.000000 120.000000 120.000000 120.000000 92.000000 
0.143598 92.000000 120.000000 120.000000 120.000000 92.000000 
0.143598 92.000000 120.000000 120.000000 120.000000 92.000000 
0.143598 92.000000 120.000000 120.000000 120.000000 92.000000 
0.164112 92.000000 120.000000 120.000000 120.000000 92.000000 
0.153855 92.000000 120.000000 120.000000 120.000000 92.000000 
0.174369 92.000000 120.000000 120.000000 120.000000 92.000000 
0.174369 92.000000 120.000000 120.000000 120.000000 92.000000 
0.174369 92.000000 120.000000 120.000000 120.000000 92.000000 
0.194883 92.000000 124.000000 124.000000 124.000000 92.000000 
0.184626 92.000000 124.000000 124.000000 124.000000 92.000000 
0.205140 92.000000 124.000000 124.000000 124.000000 92.000000 
0.194883 92.000000 124.000000 124.000000 124.000000 92.000000 
0.205140 92.000000 124.000000 124.000000 124.000000 92.000000 
0.194883 92.000000 124.000000 124.000000 124.000000 92.000000 
0.205140 92.000000 124.000000 124.000000 124.000000 92.000000 
0.194883 92.000000 124.000000 124.000000 124.000000 92.000000 
0.205140 92.000000 124.000000 124.000000 124.000000 92.000000 
0.194883 92.000000 124.000000 124.000000 124.000000 92.000000 
0.205140 92.000000 127.000000 127.000000 127.000000 92.000000 
0.194883 92.000000 127.000000 127.000000 127.000000 92.000000 
0.205140 92.000000 127.000000 127.000000 127.000000 92.000000 
0.194883 92.000000 127.000000 127.000000 127.000000 92.000000 
0.205140 92.000000 127.000000 127.000000 127.000000 92.000000 
0.205140 92.000000 127.000000 127.000000 127.000000 92.000000 
0.194883 92.000000 127.000000 127.000000 127.000000 92.000000 
0.205140 92.000000 127.000000 127.000000 127.000000 92.000000 
0.194883 92.000000 127.000000 127.000000 127.000000 92.000000 
0.205140 92.000000 127.000000 127.000000 127.000000 92.000000 
0.194883 92.000000 131.000000 131.000000 131.000000 92.000000 
0.205140 92.000000 131.000000 131.000000 131.000000 92.000000 
0.194883 92.000000 131.000000 131.000000 131.000000 92.000000 
0.205140 92.000000 131.000000 131.000000 131.000000 92.000000 
0.194883 92.000000 131.000000 131.000000 131.000000 92.000000 
0.194883 92.000000 131.000000 131.000000 131.000000 92.000000 
0.174369 92.000000 131.000000 131.000000 131.000000 92.000000 
0.184626 92.000000 131.000000 131.000000 131.000000 92.000000 
0.174369 92.000000 131.000000 131.000000 131.000000 92.000000 
0.153855 92.000000 131.000000 131.000000 131.000000 92.000000 
0.164112 92.000000 131.000000 131.000000 131.000000 92.000000 
0.143598 92.000000 136.000000 136.000000 136.000000 92.000000 
0.143598 92.000000 136.000000 136.000000 136.000000 92.000000 
0.143598 92.000000 136.000000 136.000000 136.000000 92.000000 
0.123084 92.000000 136.000000 136.000000 136.000000 92.000000 
0.123084 92.000000 136.000000 136.000000 136.000000 92.000000 
0.112827 92.000000 136.000000 136.000000 136.000000 92.000000 
0.092313 92.000000 136.000000 136.000000 136.000000 92.000000 
0.071799 92.000000 136.000000 136.000000 136.000000 92.000000 
0.071799 92.000000 136.000000 136.000000 136.000000 92.000000 
0.061542 92.000000 136.000000 136.000000 136.000000 92.000000 
0.051285 92.000000 136.000000 136.000000 136.000000 92.000000 
0.041028 92.000000 136.000000 136.000000 136.000000 92.000000 
0.000000 92.000000 136.000000 136.000000 136.000000 92.000000 
0.000000 92.000000 136.000000 136.000000 136.000000 92.000000 
0.000000 92.000000 136.000000 136.000000 136.000000 92.000000 
0.000000 92.000000 136.000000 136.000000 136.000000 92.000000 
0.000000 92.000000 136.000000 136.000000 136.000000 92.000000 
0.000000 92.000000 136.000000 136.000000 136.000000 92.000000 
0.000000 92.000000 136.000000 136.000000 136.000000 92.000000 
0.000000 92.000000 136.000000 136.000000 136.000000 92.000000 
0.000000 92.000000 136.000000 136.000000 136.000000 92.000000 
0.000000 92.000000 136.000000 136.000000 136.000000 92.000000 
0.000000 92.000000 136.000000 136.000000 136.000000 92.000000 
0.000000 92.000000 136.000000 136.000000 136.000000 92.000000 
0.000000 92.000000 136.000000 136.000000 136.000000 92.000000 
0.000000 92.000000 136.000000 136.000000 136.000000 92.000000 
0.000000 92.000000 136.000000 136.000000 136.000000 92.000000 
0.000000 92.000000 136.000000 136.000000 136.000000 92.000000 
0.000000 92.000000 136.000000 136.000000 136.000000 92.000000 
0.000000 92.000000 136.000000 136.000000 136.000000 92.000000 
0.000000 92.000000 136.000000 136.000000 136.000000 92.000000 
0.000000 92.000000 136.000000 136.000000 136.000000 92.000000 
0.000000 92.000000 136.000000 136.000000 136.000000 92.000000 
0.000000 92.000000 136.000000 136.000000 136.000000 92.000000 
0.000000 92.000000 136.000000 136.000000 136.000000 92.000000 
0.000000 92.000000 136.000000 136.000000 136.000000 92.000000 
0.000000 92.000000 136.000000 136.000000 136.000000 92.000000 
0.000000 92.000000 136.000000 136.000000 136.000000 92.000000 
0.000000 92.000000 136.000000 136.000000 136.000000 92.000000 
0.000000 92.000000 136.000000 136.000000 136.000000 92.000000 
0.000000 92.000000 136.000000 136.000000 136.000000 92.000000 
0.000000 92.000000 136.000000 136.000000 136.000000 92.000000 
0.000000 92.000000 136.000000 136.000000 136.000000 92.000000 
0.000000 92.000000 136.000000 136.000000 136.000000 92.000000 
0.000000 92.000000 136.000000 136.000000 136.000000 92.000000 
0.000000 92.000000 136.000000 136.000000 136.000000 92.000000 
0.000000 92.000000 136.000000 136.000000 136.000000 92.000000 
0.000000 92.000000 136.000000 136.000000 136.000000 92.000000 
0.000000 92.000000 136.000000 136.000000 136.000000 92.000000 
0.000000 92.000000 136.000000 136.000000 136.000000 92.000000 
0.000000 92.000000 136.000000 136.000000 136.000000 92.000000 
0.000000 92.000000 136.000000 136.000000 136.000000 92.000000 
0.000000 92.000000 136.000000 136.000000 136.000000 92.000000 
0.000000 92.000000 136.000000 136.000000 136.000000 92.000000 
0.000000 92.000000 136.000000 136.000000 136.000000 92.000000 
0.000000 92.000000 136.000000 136.000000 136.000000 92.000000 
0.000000 92.000000 136.000000 136.000000 136.000000 92.000000 
0.000000 92.000000 136.000000 136.000000 136.000000 92.000000 
0.000000 92.000000 136.000000 136.000000 136.000000 92.000000 
0.000000 92.000000 136.000000 136.000000 136.000000 92.000000 
0.000000 92.000000 136.000000 136.000000 136.000000 92.000000 
0.000000 92.000000 136.000000 136.000000 136.000000 92.000000 
0.000000 92.000000 136.000000 136.000000 136.000000 92.000000 
0.000000 92.000000 136.000000 136.000000 136.000000 92.000000 
0.000000 92.000000 136.000000 136.000000 136.000000 92.000000 
0.000000 92.000000 136.000000 136.000000 136.000000 92.000000 
0.000000 92.000000 136.000000 136.000000 136.000000 92.000000 
0.000000 92.000000 136.000000 136.000000 136.000000 92.000000 
0.000000 92.000000 136.000000 136.000000 136.000000 92.000000 
0.000000 92.000000 136.000000 136.000000 136.000000 92.000000 
0.000000 92.000000 136.000000 136.000000 136.000000 92.000000 
0.000000 92.000000 136.000000 136.000000 136.000000 92.000000 
0.000000 92.000000 136.000000 136.000000 136.000000 92.000000 
0.000000 92.000000 136.000000 136.000000 136.000000 92.000000 
0.000000 92.000000 136.000000 136.000000 136.000000 92.000000 
0.000000 92.000000 136.000000 136.000000 136.000000 92.000000 
0.000000 92.000000 136.000000 136.000000 136.000000 92.000000 
0.000000 92.000000 136.000000 136.000000 136.000000 92.000000 
0.000000 92.000000 136.000000 136.000000 136.000000 92.000000 
0.000000 92.000000 136.000000 136.000000 136.000000 92.000000 
0.000000 92.000000 136.000000 136.000000 136.000000 92.000000 
0.000000 92.000000 136.000000 136.000000 136.000000 92.000000 
0.000000 92.000000 136.000000 136.000000 136.000000 92.000000 
0.000000 92.000000 136.000000 136.000000 136.000000 92.000000 
0.000000 92.000000 136.000000 136.000000 136.000000 92.000000 
0.000000 92.000000 136.000000 136.000000 136.000000 92.000000 
0.000000 92.000000 136.000000 136.000000 136.000000 92.000000 
0.000000 92.000000 136.000000 136.000000 136.000000 92.000000 
0.000000 92.000000 136.000000 136.000000 136.000000 92.000000 
0.000000 92.000000 136.000000 136.000000 136.000000 92.000000 
0.000000 92.000000 136.000000 136.000000 136.000000 92.000000 
0.000000 92.000000 136.000000 136.000000 136.000000 92.000000 
0.000000 92.000000 136.000000 136.000000 136.000000 92.000000 
0.000000 92.000000 136.000000 136.000000 136.000000 92.000000 
0.000000 92.000000 136.000000 136.000000 136.000000 92.000000 
0.000000 92.000000 136.000000 136.000000 136.000000 92.000000 
0.000000 92.000000 136.000000 136.000000 136.000000 92.000000 
0.000000 92.000000 136.000000 136.000000 136.000000 92.000000 
0.000000 92.000000 136.000000 136.000000 136.000000 92.000000 
0.000000 92.000000 136.000000 136.000000 136.000000 92.000000 
0.000000 92.000000 136.000000 136.000000 136.000000 92.000000 
0.000000 92.000000 136.000000 136.000000 136.000000 92.000000 
0.000000 92.000000 136.000000 136.000000 136.000000 92.000000 
0.000000 92.000000 136.000000 136.000000 136.000000 92.000000 
0.000000 92.000000 136.000000 136.000000 136.000000 92.000000 
0.000000 92.000000 136.000000 136.000000 136.000000 92.000000 
0.000000 92.000000 136.000000 136.000000 136.000000 92.000000 
0.000000 92.000000 136.000000 136.000000 136.000000 92.000000 
0.000000 92.000000 136.000000 136.000000 136.000000 92.000000 
0.000000 92.000000 136.000000 136.000000 136.000000 92.000000 
0.000000 92.000000 136.000000 136.000000 136.000000 92.000000 
0.000000 92.000000 136.000000 136.000000 136.000000 92.000000 
0.000000 92.000000 136.000000 136.000000 136.000000 92.000000 
0.000000 92.000000 136.000000 136.000000 136.000000 92.000000 
0.000000 92.000000 136.000000 136.000000 136.000000 92.000000 
0.000000 92.000000 136.000000 136.000000 136.000000 92.000000 
0.000000 92.000000 136.000000 136.000000 136.000000 92.000000 
0.000000 92.000000 136.000000 136.000000 136.000000 92.000000 
0.010257 92.000000 136.000000 136.000000 136.000000 92.000000 
0.010257 92.000000 136.000000 136.000000 136.000000 92.000000 
0.020514 92.000000 136.000000 136.000000 136.000000 92.000000 
0.020514 92.000000 136.000000 136.000000 136.000000 92.000000 
0.030771 92.000000 136.000000 136.000000 136.000000 92.000000 
0.041028 92.000000 136.000000 136.000000 136.000000 92.000000 
0.041028 92.000000 136.000000 136.000000 136.000000 92.000000 
0.041028 92.000000 136.000000 136.000000 136.000000 92.000000 
0.051285 92.000000 136.000000 136.000000 136.000000 92.000000 
0.061542 92.000000 136.000000 136.000000 136.000000 92.000000 
0.071799 92.000000 136.000000 136.000000 136.000000 92.000000 
0.071799 92.000000 136.000000 136.000000 136.000000 92.000000 
0.082056 92.000000 136.000000 136.000000 136.000000 92.000000 
0.071799 92.000000 136.000000 136.000000 136.000000 92.000000 
0.092313 92.000000 136.000000 136.000000 136.000000 92.000000 
0.102570 92.000000 136.000000 136.000000 136.000000 92.000000 
0.102570 92.000000 142.000000 142.000000 142.000000 92.000000 
0.102570 92.000000 142.000000 142.000000 142.000000 92.000000 
0.112827 92.000000 142.000000 142.000000 142.000000 92.000000 
0.123084 92.000000 142.000000 142.000000 142.000000 92.000000 
0.133341 92.000000 142.000000 142.000000 142.000000 92.000000 
0.123084 92.000000 142.000000 142.000000 142.000000 92.000000 
0.143598 92.000000 142.000000 142.000000 142.000000 92.000000 
0.143598 92.000000 142.000000 142.000000 142.000000 92.000000 
0.143598 92.000000 142.000000 142.000000 142.000000 92.000000 
0.164112 92.000000 142.000000 142.000000 142.000000 92.000000 
0.153855 92.000000 142.000000 142.000000 142.000000 92.000000 
0.174369 92.000000 142.000000 142.000000 142.000000 92.000000 
0.174369 92.000000 142.000000 142.000000 142.000000 92.000000 
0.174369 92.000000 142.000000 142.000000 142.000000 92.000000 
0.194883 92.000000 148.000000 148.000000 148.000000 92.000000 
0.184626 92.000000 148.000000 148.000000 148.000000 92.000000 
0.205140 92.000000 148.000000 148.000000 148.000000 92.000000 
0.194883 92.000000 148.000000 148.000000 148.000000 92.000000 
0.205140 92.000000 148.000000 148.000000 148.000000 92.000000 
0.194883 92.000000 148.000000 148.000000 148.000000 92.000000 
0.205140 92.000000 148.000000 148.000000 148.000000 92.000000 
0.194883 92.000000 148.000000 148.000000 148.000000 92.000000 
0.205140 92.000000 148.000000 148.000000 148.000000 92.000000 
0.205140 92.000000 148.000000 148.000000 148.000000 92.000000 
0.194883 92.000000 157.000000 157.000000 157.000000 92.000000 
0.205140 92.000000 157.000000 157.000000 157.000000 92.000000 
0.194883 92.000000 157.000000 157.000000 157.000000 92.000000 
0.205140 92.000000 157.000000 157.000000 157.000000 92.000000 
0.194883 92.000000 157.000000 157.000000 157.000000 92.000000 
0.205140 92.000000 157.000000 157.000000 157.000000 92.000000 
0.194883 92.000000 157.000000 157.000000 157.000000 92.000000 
0.205140 92.000000 157.000000 157.000000 157.000000 92.000000 
0.194883 92.000000 157.000000 157.000000 157.000000 92.000000 
0.205140 92.000000 157.000000 157.000000 157.000000 92.000000 
0.194883 92.000000 167.000000 167.000000 167.000000 92.000000 
0.205140 92.000000 167.000000 167.000000 167.000000 92.000000 
0.194883 92.000000 167.000000 167.000000 167.000000 92.000000 
0.205140 92.000000 167.000000 167.000000 167.000000 92.000000 
0.194883 92.000000 167.000000 167.000000 167.000000 92.000000 
0.194883 92.000000 167.000000 167.000000 167.000000 92.000000 
0.174369 92.000000 167.000000 167.000000 167.000000 92.000000 
0.184626 92.000000 167.000000 167.000000 167.000000 92.000000 
0.174369 92.000000 167.000000 167.000000 167.000000 92.000000 
0.153855 92.000000 167.000000 167.000000 167.000000 92.000000 
0.164112 92.000000 167.000000 167.000000 167.000000 92.000000 
0.143598 92.000000 181.000000 181.000000 181.000000 92.000000 
0.143598 92.000000 181.000000 181.000000 181.000000 92.000000 
0.143598 92.000000 181.000000 181.000000 181.000000 92.000000 
0.133341 92.000000 181.000000 181.000000 181.000000 92.000000 
0.112827 92.000000 181.000000 181.000000 181.000000 92.000000 
0.112827 92.000000 181.000000 181.000000 181.000000 92.000000 
0.092313 92.000000 181.000000 181.000000 181.000000 92.000000 
0.082056 92.000000 181.000000 181.000000 181.000000 92.000000 
0.061542 92.000000 181.000000 181.000000 181.000000 92.000000 
0.061542 92.000000 181.000000 181.000000 181.000000 92.000000 
0.051285 92.000000 181.000000 181.000000 181.000000 92.000000 
0.041028 92.000000 181.000000 181.000000 181.000000 92.000000 
0.000000 92.000000 181.000000 181.000000 181.000000 92.000000 
0.000000 92.000000 181.000000 181.000000 181.000000 92.000000 
0.000000 92.000000 181.000000 181.000000 181.000000 92.000000 
0.000000 92.000000 181.000000 181.000000 181.000000 92.000000 
0.000000 92.000000 181.000000 181.000000 181.000000 92.000000 
0.000000 92.000000 181.000000 181.000000 181.000000 92.000000 
0.000000 92.000000 181.000000 181.000000 181.000000 92.000000 
0.000000 92.000000 181.000000 181.000000 181.000000 92.000000 
0.000000 92.000000 181.000000 181.000000 181.000000 92.000000 
0.000000 92.000000 181.000000 181.000000 181.000000 92.000000 
0.000000 92.000000 181.000000 181.000000 181.000000 92.000000 
0.000000 92.000000 181.000000 181.000000 181.000000 92.000000 
0.000000 92.000000 181.000000 181.000000 181.000000 92.000000 
0.000000 92.000000 181.000000 181.000000 181.000000 92.000000 
0.000000 92.000000 181.000000 181.000000 181.000000 92.000000 
0.000000 92.000000 181.000000 181.000000 181.000000 92.000000 
0.000000 92.000000 181.000000 181.000000 181.000000 92.000000 
0.000000 92.000000 181.000000 181.000000 181.000000 92.000000 
0.000000 92.000000 181.000000 181.000000 181.000000 92.000000 
0.000000 92.000000 181.000000 181.000000 181.000000 92.000000 
0.000000 92.000000 181.000000 181.000000 181.000000 92.000000 
0.000000 92.000000 181.000000 181.000000 181.000000 92.000000 
0.000000 92.000000 181.000000 181.000000 181.000000 92.000000 
0.000000 92.000000 181.000000 181.000000 181.000000 92.000000 
0.000000 92.000000 181.000000 181.000000 181.000000 92.000000 
0.000000 92.000000 181.000000 181.000000 181.000000 92.000000 
0.000000 92.000000 181.000000 181.000000 181.000000 92.000000 
0.000000 92.000000 181.000000 181.000000 181.000000 92.000000 
0.000000 92.000000 181.000000 181.000000 181.000000 92.000000 
0.000000 92.000000 181.000000 181.000000 181.000000 92.000000 
0.000000 92.000000 181.000000 181.000000 181.000000 92.000000 
0.000000 92.000000 181.000000 181.000000 181.000000 92.000000 
0.000000 92.000000 181.000000 181.000000 181.000000 92.000000 
0.000000 92.000000 181.000000 181.000000 181.000000 92.000000 
0.000000 92.000000 181.000000 181.000000 181.000000 92.000000 
0.000000 92.000000 181.000000 181.000000 181.000000 92.000000 
0.000000 92.000000 181.000000 181.000000 181.000000 92.000000 
0.000000 92.000000 181.000000 181.000000 181.000000 92.000000 
0.000000 92.000000 181.000000 181.000000 181.000000 92.000000 
0.000000 92.000000 181.000000 181.000000 181.000000 92.000000 
0.000000 92.000000 181.000000 181.000000 181.000000 92.000000 
0.000000 92.000000 181.000000 181.000000 181.000000 92.000000 
0.000000 92.000000 181.000000 181.000000 181.000000 92.000000 
0.000000 92.000000 181.000000 181.000000 181.000000 92.000000 
0.000000 92.000000 181.000000 181.000000 181.000000 92.000000 
0.000000 92.000000 181.000000 181.000000 181.000000 92.000000 
0.000000 92.000000 181.000000 181.000000 181.000000 92.000000 
0.000000 92.000000 181.000000 181.000000 181.000000 92.000000 
0.000000 92.000000 181.000000 181.000000 181.000000 92.000000 
0.000000 92.000000 181.000000 181.000000 181.000000 92.000000 
0.000000 92.000000 181.000000 181.000000 181.000000 92.000000 
0.000000 92.000000 181.000000 181.000000 181.000000 92.000000 
0.000000 92.000000 181.000000 181.000000 181.000000 92.000000 
0.000000 92.000000 181.000000 181.000000 181.000000 92.000000 
0.000000 92.000000 181.000000 181.000000 181.000000 92.000000 
0.000000 92.000000 181.000000 181.000000 181.000000 92.000000 
0.000000 92.000000 181.000000 181.000000 181.000000 92.000000 
0.000000 92.000000 181.000000 181.000000 181.000000 92.000000 
0.000000 92.000000 181.000000 181.000000 181.000000 92.000000 
0.000000 92.000000 181.000000 181.000000 181.000000 92.000000 
0.000000 92.000000 181.000000 181.000000 181.000000 92.000000 
0.000000 92.000000 181.000000 181.000000 181.000000 92.000000 
0.000000 92.000000 181.000000 181.000000 181.000000 92.000000 
0.000000 92.000000 181.000000 181.000000 181.000000 92.000000 
0.000000 92.000000 181.000000 181.000000 181.000000 92.000000 
0.000000 92.000000 181.000000 181.000000 181.000000 92.000000 
0.000000 92.000000 181.000000 181.000000 181.000000 92.000000 
0.000000 92.000000 181.000000 181.000000 181.000000 92.000000 
0.000000 92.000000 181.000000 181.000000 181.000000 92.000000 
0.000000 92.000000 181.000000 181.000000 181.000000 92.000000 
0.000000 92.000000 181.000000 181.000000 181.000000 92.000000 
0.000000 92.000000 181.000000 181.000000 181.000000 92.000000 
0.000000 92.000000 181.000000 181.000000 181.000000 92.000000 
0.000000 92.000000 181.000000 181.000000 181.000000 92.000000 
0.000000 92.000000 181.000000 181.000000 181.000000 92.000000 
0.000000 92.000000 181.000000 181.000000 181.000000 92.000000 
0.000000 92.000000 181.000000 181.000000 181.000000 92.000000 
0.000000 92.000000 181.000000 181.000000 181.000000 92.000000 
0.000000 92.000000 181.000000 181.000000 181.000000 92.000000 
0.000000 92.000000 181.000000 181.000000 181.000000 92.000000 
0.000000 92.000000 181.000000 181.000000 181.000000 92.000000 
0.000000 92.000000 181.000000 181.000000 181.000000 92.000000 
0.000000 92.000000 181.000000 181.000000 181.000000 92.000000 
0.000000 92.000000 181.000000 181.000000 181.000000 92.000000 
0.000000 92.000000 181.000000 181.000000 181.000000 92.000000 
0.000000 92.000000 181.000000 181.000000 181.000000 92.000000 
0.000000 92.000000 181.000000 181.000000 181.000000 92.000000 
0.000000 92.000000 181.000000 181.000000 181.000000 92.000000 
0.000000 92.000000 181.000000 181.000000 181.000000 92.000000 
0.000000 92.000000 181.000000 181.000000 181.000000 92.000000 
0.000000 92.000000 181.000000 181.000000 181.000000 92.000000 
0.000000 92.000000 181.000000 181.000000 181.000000 92.000000 
0.000000 92.000000 181.000000 181.000000 181.000000 92.000000 
0.000000 92.000000 181.000000 181.000000 181.000000 92.000000 
0.000000 92.000000 181.000000 181.000000 181.000000 92.000000 
0.000000 92.000000 181.000000 181.000000 181.000000 92.000000 
0.000000 92.000000 181.000000 181.000000 181.000000 92.000000 
0.000000 92.000000 181.000000 181.000000 181.000000 92.000000 
0.000000 92.000000 181.000000 181.000000 181.000000 92.000000 
0.000000 92.000000 181.000000 181.000000 181.000000 92.000000 
0.000000 92.000000 181.000000 181.000000 181.000000 92.000000 
