255.000000 255.000000 255.000000 255.000000 255.000000 255.000000 255.000000 255.000000 0.000000 
255.000000 255.000000 255.000000 255.000000 255.000000 255.000000 255.000000 255.000000 0.000000 
255.000000 255.000000 255.000000 255.000000 255.000000 255.000000 255.000000 255.000000 0.000000 
255.000000 255.000000 255.000000 255.000000 255.000000 255.000000 255.000000 255.000000 0.000000 
255.000000 255.000000 255.000000 255.000000 255.000000 255.000000 255.000000 255.000000 0.000000 
255.000000 255.000000 255.000000 255.000000 255.000000 255.000000 255.000000 255.000000 0.000000 
255.000000 255.000000 255.000000 255.000000 255.000000 255.000000 255.000000 255.000000 0.000000 
255.000000 255.000000 255.000000 255.000000 255.000000 255.000000 255.000000 255.000000 0.000000 
255.000000 255.000000 255.000000 255.000000 255.000000 255.000000 255.000000 255.000000 0.000000 
255.000000 255.000000 255.000000 255.000000 255.000000 255.000000 255.000000 255.000000 0.000000 
255.000000 255.000000 255.000000 255.000000 255.000000 255.000000 255.000000 255.000000 0.000000 
255.000000 255.000000 255.000000 255.000000 255.000000 255.000000 255.000000 255.000000 0.000000 
255.000000 255.000000 255.000000 255.000000 255.000000 255.000000 255.000000 255.000000 0.000000 
255.000000 255.000000 255.000000 255.000000 255.000000 255.000000 255.000000 255.000000 0.000000 
255.000000 255.000000 255.000000 255.000000 255.000000 255.000000 255.000000 255.000000 0.000000 
255.000000 255.000000 255.000000 255.000000 255.000000 255.000000 255.000000 255.000000 0.000000 
255.000000 255.000000 255.000000 255.000000 255.000000 255.000000 255.000000 255.000000 0.000000 
255.000000 255.000000 255.000000 255.000000 255.000000 255.000000 255.000000 255.000000 0.000000 
255.000000 255.000000 255.000000 255.000000 255.000000 255.000000 255.000000 255.000000 0.000000 
255.000000 255.000000 255.000000 255.000000 255.000000 255.000000 255.000000 255.000000 0.000000 
255.000000 255.000000 255.000000 255.000000 255.000000 255.000000 255.000000 255.000000 0.000000 
255.000000 255.000000 255.000000 255.000000 255.000000 255.000000 255.000000 255.000000 0.000000 
255.000000 255.000000 255.000000 255.000000 255.000000 255.000000 255.000000 255.000000 0.000000 
255.000000 255.000000 255.000000 255.000000 255.000000 255.000000 255.000000 255.000000 0.000000 
255.000000 255.000000 255.000000 255.000000 255.000000 255.000000 255.000000 255.000000 0.000000 
255.000000 255.000000 255.000000 255.000000 255.000000 255.000000 255.000000 255.000000 0.000000 
255.000000 255.000000 255.000000 255.000000 255.000000 255.000000 255.000000 255.000000 0.000000 
255.000000 255.000000 255.000000 255.000000 255.000000 255.000000 255.000000 255.000000 0.000000 
255.000000 255.000000 255.000000 255.000000 255.000000 255.000000 255.000000 255.000000 0.000000 
255.000000 255.000000 255.000000 255.000000 255.000000 255.000000 255.000000 255.000000 0.000000 
255.000000 255.000000 255.000000 255.000000 255.000000 255.000000 255.000000 255.000000 0.000000 
255.000000 255.000000 255.000000 255.000000 255.000000 255.000000 255.000000 255.000000 0.000000 
255.000000 255.000000 255.000000 255.000000 255.000000 255.000000 255.000000 255.000000 0.000000 
255.000000 255.000000 255.000000 255.000000 255.000000 255.000000 255.000000 255.000000 0.000000 
255.000000 255.000000 255.000000 255.000000 255.000000 255.000000 255.000000 255.000000 0.000000 
255.000000 255.000000 255.000000 255.000000 255.000000 255.000000 255.000000 255.000000 0.000000 
255.000000 255.000000 255.000000 255.000000 255.000000 255.000000 255.000000 255.000000 0.000000 
255.000000 255.000000 255.000000 255.000000 255.000000 255.000000 255.000000 255.000000 0.000000 
255.000000 255.000000 255.000000 255.000000 255.000000 255.000000 255.000000 255.000000 0.000000 
255.000000 255.000000 255.000000 255.000000 255.000000 255.000000 255.000000 255.000000 0.000000 
255.000000 255.000000 255.000000 255.000000 255.000000 255.000000 255.000000 255.000000 0.000000 
255.000000 255.000000 255.000000 255.000000 255.000000 255.000000 255.000000 255.000000 0.000000 
255.000000 255.000000 255.000000 255.000000 255.000000 255.000000 255.000000 255.000000 0.000000 
255.000000 255.000000 255.000000 255.000000 255.000000 255.000000 255.000000 255.000000 0.000000 
255.000000 255.000000 255.000000 255.000000 255.000000 255.000000 255.000000 255.000000 0.000000 
255.000000 255.000000 255.000000 255.000000 255.000000 255.000000 255.000000 255.000000 0.000000 
255.000000 255.000000 255.000000 255.000000 255.000000 255.000000 255.000000 255.000000 0.000000 
255.000000 255.000000 255.000000 255.000000 255.000000 255.000000 255.000000 255.000000 0.000000 
255.000000 255.000000 255.000000 255.000000 255.000000 255.000000 255.000000 255.000000 0.000000 
255.000000 255.000000 255.000000 255.000000 255.000000 255.000000 255.000000 255.000000 0.000000 
255.000000 255.000000 255.000000 255.000000 255.000000 255.000000 255.000000 255.000000 0.000000 
255.000000 255.000000 255.000000 255.000000 255.000000 255.000000 255.000000 255.000000 0.000000 
255.000000 255.000000 255.000000 255.000000 255.000000 255.000000 255.000000 255.000000 0.000000 
255.000000 255.000000 255.000000 255.000000 255.000000 255.000000 255.000000 255.000000 0.000000 
255.000000 255.000000 255.000000 255.000000 255.000000 255.000000 255.000000 255.000000 0.000000 
255.000000 255.000000 255.000000 255.000000 255.000000 255.000000 255.000000 255.000000 0.000000 
255.000000 255.000000 255.000000 255.000000 255.000000 255.000000 255.000000 255.000000 0.000000 
255.000000 255.000000 255.000000 255.000000 255.000000 255.000000 255.000000 255.000000 0.000000 
255.000000 255.000000 255.000000 255.000000 255.000000 255.000000 255.000000 255.000000 0.000000 
255.000000 255.000000 255.000000 255.000000 255.000000 255.000000 255.000000 255.000000 0.000000 
255.000000 255.000000 255.000000 255.000000 255.000000 255.000000 255.000000 255.000000 0.000000 
255.000000 255.000000 255.000000 255.000000 255.000000 255.000000 255.000000 255.000000 0.000000 
255.000000 255.000000 255.000000 255.000000 255.000000 255.000000 255.000000 255.000000 0.000000 
255.000000 255.000000 255.000000 255.000000 255.000000 255.000000 255.000000 255.000000 0.000000 
255.000000 255.000000 255.000000 255.000000 255.000000 255.000000 255.000000 255.000000 0.000000 
255.000000 255.000000 255.000000 255.000000 255.000000 255.000000 255.000000 255.000000 0.000000 
255.000000 255.000000 255.000000 255.000000 255.000000 255.000000 255.000000 255.000000 0.000000 
255.000000 255.000000 255.000000 255.000000 255.000000 255.000000 255.000000 255.000000 0.000000 
255.000000 255.000000 255.000000 255.000000 255.000000 255.000000 255.000000 255.000000 0.000000 
255.000000 255.000000 255.000000 255.000000 255.000000 255.000000 255.000000 255.000000 0.000000 
255.000000 255.000000 255.000000 255.000000 255.000000 255.000000 255.000000 255.000000 0.000000 
255.000000 255.000000 255.000000 255.000000 255.000000 255.000000 255.000000 255.000000 0.000000 
255.000000 255.000000 255.000000 255.000000 255.000000 255.000000 255.000000 255.000000 0.000000 
255.000000 255.000000 255.000000 255.000000 255.000000 255.000000 255.000000 255.000000 0.000000 
255.000000 255.000000 255.000000 255.000000 255.000000 255.000000 255.000000 255.000000 0.000000 
255.000000 255.000000 255.000000 255.000000 255.000000 255.000000 255.000000 255.000000 0.000000 
255.000000 255.000000 255.000000 255.000000 255.000000 255.000000 255.000000 255.000000 0.000000 
255.000000 255.000000 255.000000 255.000000 255.000000 255.000000 255.000000 255.000000 0.000000 
255.000000 255.000000 255.000000 255.000000 255.000000 255.000000 255.000000 255.000000 0.000000 
255.000000 255.000000 255.000000 255.000000 255.000000 255.000000 255.000000 255.000000 0.000000 
255.000000 255.000000 255.000000 255.000000 255.000000 255.000000 255.000000 255.000000 0.000000 
255.000000 255.000000 255.000000 255.000000 255.000000 255.000000 255.000000 255.000000 0.000000 
255.000000 255.000000 255.000000 255.000000 255.000000 255.000000 255.000000 255.000000 0.000000 
255.000000 255.000000 255.000000 255.000000 255.000000 255.000000 255.000000 255.000000 0.000000 
255.000000 255.000000 255.000000 255.000000 255.000000 255.000000 255.000000 255.000000 0.000000 
255.000000 255.000000 255.000000 255.000000 255.000000 255.000000 255.000000 255.000000 0.000000 
255.000000 255.000000 255.000000 255.000000 255.000000 255.000000 255.000000 255.000000 0.000000 
255.000000 255.000000 255.000000 255.000000 255.000000 255.000000 255.000000 255.000000 0.000000 
255.000000 255.000000 255.000000 255.000000 255.000000 255.000000 255.000000 255.000000 0.000000 
255.000000 255.000000 255.000000 255.000000 255.000000 255.000000 255.000000 255.000000 0.000000 
255.000000 255.000000 255.000000 255.000000 255.000000 255.000000 255.000000 255.000000 0.000000 
255.000000 255.000000 255.000000 255.000000 255.000000 255.000000 255.000000 255.000000 0.000000 
255.000000 255.000000 255.000000 255.000000 255.000000 255.000000 255.000000 255.000000 0.000000 
255.000000 255.000000 255.000000 255.000000 255.000000 255.000000 255.000000 255.000000 0.000000 
255.000000 255.000000 255.000000 255.000000 255.000000 255.000000 255.000000 255.000000 0.000000 
255.000000 255.000000 255.000000 255.000000 255.000000 255.000000 255.000000 255.000000 0.000000 
255.000000 255.000000 255.000000 255.000000 255.000000 255.000000 255.000000 255.000000 0.000000 
255.000000 255.000000 255.000000 255.000000 255.000000 255.000000 255.000000 255.000000 0.000000 
255.000000 255.000000 255.000000 255.000000 255.000000 255.000000 255.000000 255.000000 0.000000 
255.000000 255.000000 255.000000 255.000000 255.000000 255.000000 255.000000 255.000000 0.000000 
255.000000 255.000000 255.000000 255.000000 255.000000 255.000000 255.000000 255.000000 0.000000 
255.000000 255.000000 255.000000 255.000000 255.000000 255.000000 255.000000 255.000000 0.000000 
255.000000 255.000000 255.000000 255.000000 255.000000 255.000000 255.000000 255.000000 0.000000 
255.000000 255.000000 255.000000 255.000000 255.000000 255.000000 255.000000 255.000000 0.000000 
255.000000 255.000000 255.000000 255.000000 255.000000 255.000000 255.000000 255.000000 0.000000 
255.000000 255.000000 255.000000 255.000000 255.000000 255.000000 255.000000 255.000000 0.000000 
255.000000 255.000000 255.000000 255.000000 255.000000 255.000000 255.000000 255.000000 0.000000 
255.000000 255.000000 255.000000 255.000000 255.000000 255.000000 255.000000 255.000000 0.000000 
255.000000 255.000000 255.000000 255.000000 255.000000 255.000000 255.000000 255.000000 0.000000 
255.000000 255.000000 255.000000 255.000000 255.000000 255.000000 255.000000 255.000000 0.000000 
255.000000 255.000000 255.000000 255.000000 255.000000 255.000000 255.000000 255.000000 0.000000 
255.000000 255.000000 255.000000 255.000000 255.000000 255.000000 255.000000 255.000000 0.000000 
255.000000 255.000000 255.000000 255.000000 255.000000 255.000000 255.000000 255.000000 0.000000 
255.000000 255.000000 255.000000 255.000000 255.000000 255.000000 255.000000 255.000000 0.000000 
255.000000 255.000000 255.000000 255.000000 255.000000 255.000000 255.000000 255.000000 0.000000 
255.000000 255.000000 255.000000 255.000000 255.000000 255.000000 255.000000 255.000000 0.000000 
255.000000 255.000000 255.000000 255.000000 255.000000 255.000000 255.000000 255.000000 0.000000 
255.000000 255.000000 255.000000 255.000000 255.000000 255.000000 255.000000 255.000000 0.000000 
255.000000 255.000000 255.000000 255.000000 255.000000 255.000000 255.000000 255.000000 0.000000 
255.000000 255.000000 255.000000 255.000000 255.000000 255.000000 255.000000 255.000000 0.000000 
255.000000 255.000000 255.000000 255.000000 255.000000 255.000000 255.000000 255.000000 0.000000 
255.000000 255.000000 255.000000 255.000000 255.000000 255.000000 255.000000 255.000000 0.000000 
255.000000 255.000000 255.000000 255.000000 255.000000 255.000000 255.000000 255.000000 0.000000 
255.000000 255.000000 255.000000 255.000000 255.000000 255.000000 255.000000 255.000000 0.000000 
255.000000 255.000000 255.000000 255.000000 255.000000 255.000000 255.000000 255.000000 0.000000 
255.000000 255.000000 255.000000 255.000000 255.000000 255.000000 255.000000 255.000000 0.000000 
255.000000 255.000000 255.000000 255.000000 255.000000 255.000000 255.000000 255.000000 0.000000 
255.000000 255.000000 255.000000 255.000000 255.000000 255.000000 255.000000 255.000000 0.000000 
255.000000 255.000000 255.000000 255.000000 255.000000 255.000000 255.000000 255.000000 0.000000 
255.000000 255.000000 255.000000 255.000000 255.000000 255.000000 255.000000 255.000000 0.000000 
255.000000 255.000000 255.000000 255.000000 255.000000 255.000000 255.000000 255.000000 0.000000 
255.000000 255.000000 255.000000 255.000000 255.000000 255.000000 255.000000 255.000000 0.000000 
255.000000 255.000000 255.000000 255.000000 255.000000 255.000000 255.000000 255.000000 0.000000 
255.000000 255.000000 255.000000 255.000000 255.000000 255.000000 255.000000 255.000000 0.000000 
255.000000 255.000000 255.000000 255.000000 255.000000 255.000000 255.000000 255.000000 0.000000 
255.000000 255.000000 255.000000 255.000000 255.000000 255.000000 255.000000 255.000000 0.000000 
255.000000 255.000000 255.000000 255.000000 255.000000 255.000000 255.000000 255.000000 0.000000 
255.000000 255.000000 255.000000 255.000000 255.000000 255.000000 255.000000 255.000000 0.000000 
255.000000 255.000000 255.000000 255.000000 255.000000 255.000000 255.000000 255.000000 0.000000 
255.000000 255.000000 255.000000 255.000000 255.000000 255.000000 255.000000 255.000000 0.000000 
255.000000 255.000000 255.000000 255.000000 255.000000 255.000000 255.000000 255.000000 0.000000 
255.000000 255.000000 255.000000 255.000000 255.000000 255.000000 255.000000 255.000000 0.000000 
255.000000 255.000000 255.000000 255.000000 255.000000 255.000000 255.000000 255.000000 0.000000 
255.000000 255.000000 255.000000 255.000000 255.000000 255.000000 255.000000 255.000000 0.000000 
255.000000 255.000000 255.000000 255.000000 255.000000 255.000000 255.000000 255.000000 0.000000 
255.000000 255.000000 255.000000 255.000000 255.000000 255.000000 255.000000 255.000000 0.000000 
255.000000 255.000000 255.000000 255.000000 255.000000 255.000000 255.000000 255.000000 0.000000 
255.000000 255.000000 255.000000 255.000000 255.000000 255.000000 255.000000 255.000000 0.000000 
255.000000 255.000000 255.000000 255.000000 255.000000 255.000000 255.000000 255.000000 0.000000 
255.000000 255.000000 255.000000 255.000000 255.000000 255.000000 255.000000 255.000000 0.000000 
255.000000 255.000000 255.000000 255.000000 255.000000 255.000000 255.000000 255.000000 0.000000 
255.000000 255.000000 255.000000 255.000000 255.000000 255.000000 255.000000 255.000000 0.000000 
255.000000 255.000000 255.000000 255.000000 255.000000 255.000000 255.000000 255.000000 0.000000 
255.000000 255.000000 255.000000 255.000000 255.000000 255.000000 255.000000 255.000000 0.000000 
255.000000 255.000000 255.000000 255.000000 255.000000 255.000000 255.000000 255.000000 0.000000 
255.000000 255.000000 255.000000 255.000000 255.000000 255.000000 255.000000 255.000000 0.000000 
255.000000 255.000000 255.000000 255.000000 255.000000 255.000000 255.000000 255.000000 0.000000 
255.000000 255.000000 255.000000 255.000000 255.000000 255.000000 255.000000 255.000000 0.000000 
255.000000 255.000000 255.000000 255.000000 255.000000 255.000000 255.000000 255.000000 0.000000 
255.000000 255.000000 255.000000 255.000000 255.000000 255.000000 255.000000 255.000000 0.000000 
255.000000 255.000000 255.000000 255.000000 255.000000 255.000000 255.000000 255.000000 0.000000 
255.000000 255.000000 255.000000 255.000000 255.000000 255.000000 255.000000 255.000000 0.000000 
255.000000 255.000000 255.000000 255.000000 255.000000 255.000000 255.000000 255.000000 0.000000 
255.000000 255.000000 255.000000 255.000000 255.000000 255.000000 255.000000 255.000000 0.000000 
255.000000 255.000000 255.000000 255.000000 255.000000 255.000000 255.000000 255.000000 0.000000 
255.000000 255.000000 255.000000 255.000000 255.000000 255.000000 255.000000 255.000000 0.000000 
255.000000 255.000000 255.000000 255.000000 255.000000 255.000000 255.000000 255.000000 0.000000 
255.000000 255.000000 255.000000 255.000000 255.000000 255.000000 255.000000 255.000000 0.000000 
255.000000 255.000000 255.000000 255.000000 255.000000 255.000000 255.000000 255.000000 0.000000 
255.000000 255.000000 255.000000 255.000000 255.000000 255.000000 255.000000 255.000000 0.000000 
255.000000 255.000000 255.000000 255.000000 255.000000 255.000000 255.000000 255.000000 0.000000 
255.000000 255.000000 255.000000 255.000000 255.000000 255.000000 255.000000 255.000000 0.000000 
255.000000 255.000000 255.000000 255.000000 255.000000 255.000000 255.000000 255.000000 0.000000 
255.000000 255.000000 255.000000 255.000000 255.000000 255.000000 255.000000 255.000000 0.000000 
255.000000 255.000000 255.000000 255.000000 255.000000 255.000000 255.000000 255.000000 0.000000 
255.000000 255.000000 255.000000 255.000000 255.000000 255.000000 255.000000 255.000000 0.000000 
255.000000 255.000000 255.000000 255.000000 255.000000 255.000000 255.000000 255.000000 0.000000 
255.000000 255.000000 255.000000 255.000000 255.000000 255.000000 255.000000 255.000000 0.000000 
255.000000 255.000000 255.000000 255.000000 255.000000 255.000000 255.000000 255.000000 0.000000 
255.000000 255.000000 255.000000 255.000000 255.000000 255.000000 255.000000 255.000000 0.000000 
255.000000 255.000000 255.000000 255.000000 255.000000 255.000000 255.000000 255.000000 0.000000 
255.000000 255.000000 255.000000 255.000000 255.000000 255.000000 255.000000 255.000000 0.000000 
255.000000 255.000000 255.000000 255.000000 255.000000 255.000000 255.000000 255.000000 0.000000 
255.000000 255.000000 255.000000 255.000000 255.000000 255.000000 255.000000 255.000000 0.000000 
255.000000 255.000000 255.000000 255.000000 255.000000 255.000000 255.000000 255.000000 0.000000 
255.000000 255.000000 255.000000 255.000000 255.000000 255.000000 255.000000 255.000000 0.000000 
255.000000 255.000000 255.000000 255.000000 255.000000 255.000000 255.000000 255.000000 0.000000 
255.000000 255.000000 255.000000 255.000000 255.000000 255.000000 255.000000 255.000000 0.000000 
255.000000 255.000000 255.000000 255.000000 255.000000 255.000000 255.000000 255.000000 0.000000 
255.000000 255.000000 255.000000 255.000000 255.000000 255.000000 255.000000 255.000000 0.000000 
255.000000 255.000000 255.000000 255.000000 255.000000 255.000000 255.000000 255.000000 0.000000 
255.000000 255.000000 255.000000 255.000000 255.000000 255.000000 255.000000 255.000000 0.000000 
255.000000 255.000000 255.000000 255.000000 255.000000 255.000000 255.000000 255.000000 0.000000 
255.000000 255.000000 255.000000 255.000000 255.000000 255.000000 255.000000 255.000000 0.000000 
255.000000 255.000000 255.000000 255.000000 255.000000 255.000000 255.000000 255.000000 0.000000 
255.000000 255.000000 255.000000 255.000000 255.000000 255.000000 255.000000 255.000000 0.000000 
255.000000 255.000000 255.000000 255.000000 255.000000 255.000000 255.000000 255.000000 0.000000 
255.000000 255.000000 255.000000 255.000000 255.000000 255.000000 255.000000 255.000000 0.000000 
255.000000 255.000000 255.000000 255.000000 255.000000 255.000000 255.000000 255.000000 0.000000 
255.000000 255.000000 255.000000 255.000000 255.000000 255.000000 255.000000 255.000000 0.000000 
255.000000 255.000000 255.000000 255.000000 255.000000 255.000000 255.000000 255.000000 0.000000 
255.000000 255.000000 255.000000 255.000000 255.000000 255.000000 255.000000 255.000000 0.000000 
255.000000 255.000000 255.000000 255.000000 255.000000 255.000000 255.000000 255.000000 0.000000 
255.000000 255.000000 255.000000 255.000000 255.000000 255.000000 255.000000 255.000000 0.000000 
255.000000 255.000000 255.000000 255.000000 255.000000 255.000000 255.000000 255.000000 0.000000 
255.000000 255.000000 255.000000 255.000000 255.000000 255.000000 255.000000 255.000000 0.000000 
255.000000 255.000000 255.000000 255.000000 255.000000 255.000000 255.000000 255.000000 0.000000 
255.000000 255.000000 255.000000 255.000000 255.000000 255.000000 255.000000 255.000000 0.000000 
255.000000 255.000000 255.000000 255.000000 255.000000 255.000000 255.000000 255.000000 0.000000 
255.000000 255.000000 255.000000 255.000000 255.000000 255.000000 255.000000 255.000000 0.000000 
255.000000 255.000000 255.000000 255.000000 255.000000 255.000000 255.000000 255.000000 0.010300 
255.000000 255.000000 255.000000 255.000000 255.000000 255.000000 255.000000 255.000000 0.010300 
255.000000 255.000000 255.000000 255.000000 255.000000 255.000000 255.000000 255.000000 0.020600 
255.000000 255.000000 255.000000 255.000000 255.000000 255.000000 255.000000 255.000000 0.020600 
255.000000 255.000000 255.000000 255.000000 255.000000 255.000000 255.000000 255.000000 0.020600 
255.000000 255.000000 255.000000 255.000000 255.000000 255.000000 255.000000 255.000000 0.020600 
255.000000 255.000000 255.000000 255.000000 255.000000 255.000000 255.000000 255.000000 0.030900 
255.000000 255.000000 255.000000 255.000000 255.000000 255.000000 255.000000 255.000000 0.030900 
255.000000 255.000000 255.000000 255.000000 255.000000 255.000000 255.000000 255.000000 0.030900 
255.000000 255.000000 255.000000 255.000000 255.000000 255.000000 255.000000 255.000000 0.041200 
255.000000 255.000000 255.000000 255.000000 255.000000 255.000000 255.000000 255.000000 0.041200 
255.000000 255.000000 255.000000 255.000000 255.000000 255.000000 255.000000 255.000000 0.041200 
255.000000 255.000000 255.000000 255.000000 255.000000 255.000000 255.000000 255.000000 0.051500 
255.000000 255.000000 255.000000 255.000000 255.000000 255.000000 255.000000 255.000000 0.041200 
255.000000 255.000000 255.000000 255.000000 255.000000 255.000000 255.000000 255.000000 0.051500 
255.000000 255.000000 255.000000 255.000000 255.000000 255.000000 255.000000 255.000000 0.051500 
255.000000 255.000000 255.000000 255.000000 255.000000 255.000000 255.000000 255.000000 0.061800 
255.000000 255.000000 255.000000 255.000000 255.000000 255.000000 255.000000 255.000000 0.061800 
255.000000 255.000000 255.000000 255.000000 255.000000 255.000000 255.000000 255.000000 0.061800 
255.000000 255.000000 255.000000 255.000000 255.000000 255.000000 255.000000 255.000000 0.072100 
255.000000 255.000000 255.000000 255.000000 255.000000 255.000000 255.000000 255.000000 0.061800 
255.000000 255.000000 255.000000 255.000000 255.000000 255.000000 255.000000 255.000000 0.072100 
255.000000 255.000000 255.000000 255.000000 255.000000 255.000000 255.000000 255.000000 0.082400 
255.000000 255.000000 255.000000 255.000000 255.000000 255.000000 255.000000 255.000000 0.082400 
255.000000 255.000000 255.000000 255.000000 255.000000 255.000000 255.000000 255.000000 0.082400 
255.000000 255.000000 255.000000 255.000000 255.000000 255.000000 255.000000 255.000000 0.082400 
255.000000 255.000000 255.000000 255.000000 255.000000 255.000000 255.000000 255.000000 0.082400 
255.000000 255.000000 255.000000 255.000000 255.000000 255.000000 255.000000 255.000000 0.092700 
255.000000 255.000000 255.000000 255.000000 255.000000 255.000000 255.000000 255.000000 0.092700 
255.000000 255.000000 255.000000 255.000000 255.000000 255.000000 255.000000 255.000000 0.103000 
255.000000 255.000000 255.000000 255.000000 255.000000 255.000000 255.000000 255.000000 0.092700 
255.000000 255.000000 255.000000 255.000000 255.000000 255.000000 255.000000 255.000000 0.103000 
255.000000 255.000000 255.000000 255.000000 255.000000 255.000000 255.000000 255.000000 0.113300 
255.000000 255.000000 255.000000 255.000000 255.000000 255.000000 255.000000 255.000000 0.113300 
255.000000 255.000000 255.000000 255.000000 255.000000 255.000000 255.000000 255.000000 0.103000 
255.000000 255.000000 255.000000 255.000000 255.000000 255.000000 255.000000 255.000000 0.113300 
255.000000 255.000000 255.000000 255.000000 255.000000 255.000000 255.000000 255.000000 0.123600 
255.000000 255.000000 255.000000 255.000000 255.000000 255.000000 255.000000 255.000000 0.123600 
255.000000 255.000000 255.000000 255.000000 255.000000 255.000000 255.000000 255.000000 0.113300 
255.000000 255.000000 255.000000 255.000000 255.000000 255.000000 255.000000 255.000000 0.133900 
255.000000 255.000000 255.000000 255.000000 255.000000 255.000000 255.000000 255.000000 0.133900 
255.000000 255.000000 255.000000 255.000000 255.000000 255.000000 255.000000 255.000000 0.123600 
255.000000 255.000000 255.000000 255.000000 255.000000 255.000000 255.000000 255.000000 0.144200 
255.000000 255.000000 255.000000 255.000000 255.000000 255.000000 255.000000 255.000000 0.144200 
255.000000 255.000000 255.000000 255.000000 255.000000 255.000000 255.000000 255.000000 0.133900 
255.000000 255.000000 255.000000 255.000000 255.000000 255.000000 255.000000 255.000000 0.144200 
255.000000 255.000000 255.000000 255.000000 255.000000 255.000000 255.000000 255.000000 0.154500 
255.000000 255.000000 255.000000 255.000000 255.000000 255.000000 255.000000 255.000000 0.144200 
255.000000 255.000000 255.000000 255.000000 255.000000 255.000000 255.000000 255.000000 0.154500 
255.000000 255.000000 255.000000 255.000000 255.000000 255.000000 255.000000 255.000000 0.164800 
255.000000 255.000000 255.000000 255.000000 255.000000 255.000000 255.000000 255.000000 0.154500 
255.000000 255.000000 255.000000 255.000000 255.000000 255.000000 255.000000 255.000000 0.164800 
255.000000 255.000000 255.000000 255.000000 255.000000 255.000000 255.000000 255.000000 0.164800 
255.000000 255.000000 255.000000 255.000000 255.000000 255.000000 255.000000 255.000000 0.175100 
255.000000 255.000000 255.000000 255.000000 255.000000 255.000000 255.000000 255.000000 0.175100 
255.000000 255.000000 255.000000 255.000000 255.000000 255.000000 255.000000 255.000000 0.164800 
255.000000 255.000000 255.000000 255.000000 255.000000 255.000000 255.000000 255.000000 0.185400 
255.000000 255.000000 255.000000 255.000000 255.000000 255.000000 255.000000 255.000000 0.175100 
255.000000 255.000000 255.000000 255.000000 255.000000 255.000000 255.000000 255.000000 0.185400 
255.000000 255.000000 255.000000 255.000000 255.000000 255.000000 255.000000 255.000000 0.185400 
255.000000 255.000000 255.000000 255.000000 255.000000 255.000000 255.000000 255.000000 0.195700 
255.000000 255.000000 255.000000 255.000000 255.000000 255.000000 255.000000 255.000000 0.195700 
255.000000 255.000000 255.000000 255.000000 255.000000 255.000000 255.000000 255.000000 0.195700 
255.000000 255.000000 255.000000 255.000000 255.000000 255.000000 255.000000 255.000000 0.206000 
255.000000 255.000000 255.000000 255.000000 255.000000 255.000000 255.000000 255.000000 0.195700 
255.000000 255.000000 255.000000 255.000000 255.000000 255.000000 255.000000 255.000000 0.206000 
255.000000 255.000000 255.000000 255.000000 255.000000 255.000000 255.000000 255.000000 0.206000 
255.000000 255.000000 255.000000 255.000000 255.000000 255.000000 255.000000 255.000000 0.216300 
255.000000 255.000000 255.000000 255.000000 255.000000 255.000000 255.000000 255.000000 0.206000 
255.000000 255.000000 255.000000 255.000000 255.000000 255.000000 255.000000 255.000000 0.226600 
255.000000 255.000000 255.000000 255.000000 255.000000 255.000000 255.000000 255.000000 0.216300 
255.000000 255.000000 255.000000 255.000000 255.000000 255.000000 255.000000 255.000000 0.226600 
255.000000 255.000000 255.000000 255.000000 255.000000 255.000000 255.000000 255.000000 0.226600 
255.000000 255.000000 255.000000 255.000000 255.000000 255.000000 255.000000 255.000000 0.226600 
255.000000 255.000000 255.000000 255.000000 255.000000 255.000000 255.000000 255.000000 0.236900 
255.000000 255.000000 255.000000 255.000000 255.000000 255.000000 255.000000 255.000000 0.226600 
255.000000 255.000000 255.000000 255.000000 255.000000 255.000000 255.000000 255.000000 0.247200 
255.000000 255.000000 255.000000 255.000000 255.000000 255.000000 255.000000 255.000000 0.236900 
255.000000 255.000000 255.000000 255.000000 255.000000 255.000000 255.000000 255.000000 0.247200 
255.000000 255.000000 255.000000 255.000000 255.000000 255.000000 255.000000 255.000000 0.247200 
255.000000 255.000000 255.000000 255.000000 255.000000 255.000000 255.000000 255.000000 0.247200 
255.000000 255.000000 255.000000 255.000000 255.000000 255.000000 255.000000 255.000000 0.257500 
255.000000 255.000000 255.000000 255.000000 255.000000 255.000000 255.000000 255.000000 0.257500 
255.000000 255.000000 255.000000 255.000000 255.000000 255.000000 255.000000 255.000000 0.267800 
255.000000 255.000000 255.000000 255.000000 255.000000 255.000000 255.000000 255.000000 0.257500 
255.000000 255.000000 255.000000 255.000000 255.000000 255.000000 255.000000 255.000000 0.257500 
255.000000 255.000000 255.000000 255.000000 255.000000 255.000000 255.000000 255.000000 0.278100 
255.000000 255.000000 255.000000 255.000000 255.000000 255.000000 255.000000 255.000000 0.267800 
255.000000 255.000000 255.000000 255.000000 255.000000 255.000000 255.000000 255.000000 0.267800 
255.000000 255.000000 255.000000 255.000000 255.000000 255.000000 255.000000 255.000000 0.288400 
255.000000 255.000000 255.000000 255.000000 255.000000 255.000000 255.000000 255.000000 0.278100 
225.000000 225.000000 225.000000 225.000000 225.000000 225.000000 225.000000 225.000000 0.278100 
225.000000 225.000000 225.000000 225.000000 225.000000 225.000000 225.000000 225.000000 0.298700 
225.000000 225.000000 225.000000 225.000000 225.000000 225.000000 225.000000 225.000000 0.288400 
182.000000 182.000000 182.000000 182.000000 182.000000 182.000000 182.000000 182.000000 0.288400 
182.000000 182.000000 182.000000 182.000000 182.000000 182.000000 182.000000 182.000000 0.298700 
182.000000 182.000000 182.000000 182.000000 182.000000 182.000000 182.000000 182.000000 0.298700 
182.000000 182.000000 182.000000 182.000000 182.000000 182.000000 182.000000 182.000000 0.298700 
127.000000 127.000000 127.000000 127.000000 127.000000 127.000000 127.000000 127.000000 0.298700 
127.000000 127.000000 127.000000 127.000000 127.000000 127.000000 127.000000 127.000000 0.309000 
127.000000 127.000000 127.000000 127.000000 127.000000 127.000000 127.000000 127.000000 0.298700 
85.000000 85.000000 85.000000 85.000000 85.000000 85.000000 85.000000 85.000000 0.298700 
85.000000 85.000000 85.000000 85.000000 85.000000 85.000000 85.000000 85.000000 0.298700 
85.000000 85.000000 85.000000 85.000000 85.000000 85.000000 85.000000 85.000000 0.288400 
85.000000 85.000000 85.000000 85.000000 85.000000 85.000000 85.000000 85.000000 0.288400 
85.000000 85.000000 85.000000 85.000000 85.000000 85.000000 85.000000 85.000000 0.288400 
85.000000 85.000000 85.000000 85.000000 85.000000 85.000000 85.000000 85.000000 0.278100 
85.000000 85.000000 85.000000 85.000000 85.000000 85.000000 85.000000 85.000000 0.278100 
85.000000 85.000000 85.000000 85.000000 85.000000 85.000000 85.000000 85.000000 0.288400 
85.000000 85.000000 85.000000 85.000000 85.000000 85.000000 85.000000 85.000000 0.267800 
85.000000 85.000000 85.000000 85.000000 85.000000 85.000000 85.000000 85.000000 0.267800 
85.000000 85.000000 85.000000 85.000000 85.000000 85.000000 85.000000 85.000000 0.278100 
85.000000 85.000000 85.000000 85.000000 85.000000 85.000000 85.000000 85.000000 0.257500 
85.000000 85.000000 85.000000 85.000000 85.000000 85.000000 85.000000 85.000000 0.257500 
85.000000 85.000000 85.000000 85.000000 85.000000 85.000000 85.000000 85.000000 0.267800 
85.000000 85.000000 85.000000 85.000000 85.000000 85.000000 85.000000 85.000000 0.247200 
85.000000 85.000000 85.000000 85.000000 85.000000 85.000000 85.000000 85.000000 0.257500 
85.000000 85.000000 85.000000 85.000000 85.000000 85.000000 85.000000 85.000000 0.247200 
85.000000 85.000000 85.000000 85.000000 85.000000 85.000000 85.000000 85.000000 0.236900 
85.000000 85.000000 85.000000 85.000000 85.000000 85.000000 85.000000 85.000000 0.247200 
85.000000 85.000000 85.000000 85.000000 85.000000 85.000000 85.000000 85.000000 0.236900 
85.000000 85.000000 85.000000 85.000000 85.000000 85.000000 85.000000 85.000000 0.236900 
85.000000 85.000000 85.000000 85.000000 85.000000 85.000000 85.000000 85.000000 0.226600 
85.000000 85.000000 85.000000 85.000000 85.000000 85.000000 85.000000 85.000000 0.236900 
85.000000 85.000000 85.000000 85.000000 85.000000 85.000000 85.000000 85.000000 0.226600 
85.000000 85.000000 85.000000 85.000000 85.000000 85.000000 85.000000 85.000000 0.216300 
85.000000 85.000000 85.000000 85.000000 85.000000 85.000000 85.000000 85.000000 0.226600 
85.000000 85.000000 85.000000 85.000000 85.000000 85.000000 85.000000 85.000000 0.216300 
85.000000 85.000000 85.000000 85.000000 85.000000 85.000000 85.000000 85.000000 0.216300 
85.000000 85.000000 85.000000 85.000000 85.000000 85.000000 85.000000 85.000000 0.206000 
85.000000 85.000000 85.000000 85.000000 85.000000 85.000000 85.000000 85.000000 0.216300 
85.000000 85.000000 85.000000 85.000000 85.000000 85.000000 85.000000 85.000000 0.195700 
85.000000 85.000000 85.000000 85.000000 85.000000 85.000000 85.000000 85.000000 0.206000 
85.000000 85.000000 85.000000 85.000000 85.000000 85.000000 85.000000 85.000000 0.195700 
85.000000 85.000000 85.000000 85.000000 85.000000 85.000000 85.000000 85.000000 0.195700 
85.000000 85.000000 85.000000 85.000000 85.000000 85.000000 85.000000 85.000000 0.195700 
85.000000 85.000000 85.000000 85.000000 85.000000 85.000000 85.000000 85.000000 0.185400 
85.000000 85.000000 85.000000 85.000000 85.000000 85.000000 85.000000 85.000000 0.185400 
85.000000 85.000000 85.000000 85.000000 85.000000 85.000000 85.000000 85.000000 0.175100 
85.000000 85.000000 85.000000 85.000000 85.000000 85.000000 85.000000 85.000000 0.185400 
85.000000 85.000000 85.000000 85.000000 85.000000 85.000000 85.000000 85.000000 0.164800 
85.000000 85.000000 85.000000 85.000000 85.000000 85.000000 85.000000 85.000000 0.175100 
85.000000 85.000000 85.000000 85.000000 85.000000 85.000000 85.000000 85.000000 0.175100 
85.000000 85.000000 85.000000 85.000000 85.000000 85.000000 85.000000 85.000000 0.154500 
85.000000 85.000000 85.000000 85.000000 85.000000 85.000000 85.000000 85.000000 0.164800 
85.000000 85.000000 85.000000 85.000000 85.000000 85.000000 85.000000 85.000000 0.154500 
85.000000 85.000000 85.000000 85.000000 85.000000 85.000000 85.000000 85.000000 0.154500 
85.000000 85.000000 85.000000 85.000000 85.000000 85.000000 85.000000 85.000000 0.154500 
85.000000 85.000000 85.000000 85.000000 85.000000 85.000000 85.000000 85.000000 0.144200 
85.000000 85.000000 85.000000 85.000000 85.000000 85.000000 85.000000 85.000000 0.154500 
85.000000 85.000000 85.000000 85.000000 85.000000 85.000000 85.000000 85.000000 0.144200 
85.000000 85.000000 85.000000 85.000000 85.000000 85.000000 85.000000 85.000000 0.133900 
85.000000 85.000000 85.000000 85.000000 85.000000 85.000000 85.000000 85.000000 0.144200 
85.000000 85.000000 85.000000 85.000000 85.000000 85.000000 85.000000 85.000000 0.133900 
85.000000 85.000000 85.000000 85.000000 85.000000 85.000000 85.000000 85.000000 0.123600 
85.000000 85.000000 85.000000 85.000000 85.000000 85.000000 85.000000 85.000000 0.133900 
85.000000 85.000000 85.000000 85.000000 85.000000 85.000000 85.000000 85.000000 0.123600 
85.000000 85.000000 85.000000 85.000000 85.000000 85.000000 85.000000 85.000000 0.123600 
85.000000 85.000000 85.000000 85.000000 85.000000 85.000000 85.000000 85.000000 0.113300 
85.000000 85.000000 85.000000 85.000000 85.000000 85.000000 85.000000 85.000000 0.113300 
85.000000 85.000000 85.000000 85.000000 85.000000 85.000000 85.000000 85.000000 0.113300 
85.000000 85.000000 85.000000 85.000000 85.000000 85.000000 85.000000 85.000000 0.103000 
85.000000 85.000000 85.000000 85.000000 85.000000 85.000000 85.000000 85.000000 0.103000 
85.000000 85.000000 85.000000 85.000000 85.000000 85.000000 85.000000 85.000000 0.103000 
85.000000 85.000000 85.000000 85.000000 85.000000 85.000000 85.000000 85.000000 0.092700 
85.000000 85.000000 85.000000 85.000000 85.000000 85.000000 85.000000 85.000000 0.092700 
85.000000 85.000000 85.000000 85.000000 85.000000 85.000000 85.000000 85.000000 0.082400 
85.000000 85.000000 85.000000 85.000000 85.000000 85.000000 85.000000 85.000000 0.082400 
85.000000 85.000000 85.000000 85.000000 85.000000 85.000000 85.000000 85.000000 0.082400 
85.000000 85.000000 85.000000 85.000000 85.000000 85.000000 85.000000 85.000000 0.082400 
85.000000 85.000000 85.000000 85.000000 85.000000 85.000000 85.000000 85.000000 0.072100 
85.000000 85.000000 85.000000 85.000000 85.000000 85.000000 85.000000 85.000000 0.061800 
85.000000 85.000000 85.000000 85.000000 85.000000 85.000000 85.000000 85.000000 0.072100 
85.000000 85.000000 85.000000 85.000000 85.000000 85.000000 85.000000 85.000000 0.061800 
85.000000 85.000000 85.000000 85.000000 85.000000 85.000000 85.000000 85.000000 0.061800 
85.000000 85.000000 85.000000 85.000000 85.000000 85.000000 85.000000 85.000000 0.051500 
85.000000 85.000000 85.000000 85.000000 85.000000 85.000000 85.000000 85.000000 0.051500 
85.000000 85.000000 85.000000 85.000000 85.000000 85.000000 85.000000 85.000000 0.041200 
85.000000 85.000000 85.000000 85.000000 85.000000 85.000000 85.000000 85.000000 0.030900 
85.000000 85.000000 85.000000 85.000000 85.000000 85.000000 85.000000 85.000000 0.020600 
85.000000 85.000000 85.000000 85.000000 85.000000 85.000000 85.000000 85.000000 0.020600 
85.000000 85.000000 85.000000 85.000000 85.000000 85.000000 85.000000 85.000000 0.020600 
85.000000 85.000000 85.000000 85.000000 85.000000 85.000000 85.000000 85.000000 0.020600 
85.000000 85.000000 85.000000 85.000000 85.000000 85.000000 85.000000 85.000000 0.020600 
85.000000 85.000000 85.000000 85.000000 85.000000 85.000000 85.000000 85.000000 0.010300 
85.000000 85.000000 85.000000 85.000000 85.000000 85.000000 85.000000 85.000000 0.010300 
85.000000 85.000000 85.000000 85.000000 85.000000 85.000000 85.000000 85.000000 0.010300 
85.000000 85.000000 85.000000 85.000000 85.000000 85.000000 85.000000 85.000000 0.010300 
85.000000 85.000000 85.000000 85.000000 85.000000 85.000000 85.000000 85.000000 0.010300 
85.000000 85.000000 85.000000 85.000000 85.000000 85.000000 85.000000 85.000000 0.000000 
85.000000 85.000000 85.000000 85.000000 85.000000 85.000000 85.000000 85.000000 0.000000 
85.000000 85.000000 85.000000 85.000000 85.000000 85.000000 85.000000 85.000000 0.000000 
85.000000 85.000000 85.000000 85.000000 85.000000 85.000000 85.000000 85.000000 0.000000 
85.000000 85.000000 85.000000 85.000000 85.000000 85.000000 85.000000 85.000000 0.000000 
85.000000 85.000000 85.000000 85.000000 85.000000 85.000000 85.000000 85.000000 0.000000 
85.000000 85.000000 85.000000 85.000000 85.000000 85.000000 85.000000 85.000000 0.000000 
85.000000 85.000000 85.000000 85.000000 85.000000 85.000000 85.000000 85.000000 0.000000 
85.000000 85.000000 85.000000 85.000000 85.000000 85.000000 85.000000 85.000000 0.000000 
85.000000 85.000000 85.000000 85.000000 85.000000 85.000000 85.000000 85.000000 0.000000 
85.000000 85.000000 85.000000 85.000000 85.000000 85.000000 85.000000 85.000000 0.000000 
85.000000 85.000000 85.000000 85.000000 85.000000 85.000000 85.000000 85.000000 0.000000 
85.000000 85.000000 85.000000 85.000000 85.000000 85.000000 85.000000 85.000000 0.000000 
85.000000 85.000000 85.000000 85.000000 85.000000 85.000000 85.000000 85.000000 0.000000 
85.000000 85.000000 85.000000 85.000000 85.000000 85.000000 85.000000 85.000000 0.000000 
85.000000 85.000000 85.000000 85.000000 85.000000 85.000000 85.000000 85.000000 0.000000 
85.000000 85.000000 85.000000 85.000000 85.000000 85.000000 85.000000 85.000000 0.000000 
85.000000 85.000000 85.000000 85.000000 85.000000 85.000000 85.000000 85.000000 0.000000 
85.000000 85.000000 85.000000 85.000000 85.000000 85.000000 85.000000 85.000000 0.000000 
85.000000 85.000000 85.000000 85.000000 85.000000 85.000000 85.000000 85.000000 0.000000 
85.000000 85.000000 85.000000 85.000000 85.000000 85.000000 85.000000 85.000000 0.000000 
85.000000 85.000000 85.000000 85.000000 85.000000 85.000000 85.000000 85.000000 0.000000 
85.000000 85.000000 85.000000 85.000000 85.000000 85.000000 85.000000 85.000000 0.000000 
85.000000 85.000000 85.000000 85.000000 85.000000 85.000000 85.000000 85.000000 0.000000 
85.000000 85.000000 85.000000 85.000000 85.000000 85.000000 85.000000 85.000000 0.000000 
85.000000 85.000000 85.000000 85.000000 85.000000 85.000000 85.000000 85.000000 0.000000 
85.000000 85.000000 85.000000 85.000000 85.000000 85.000000 85.000000 85.000000 0.000000 
85.000000 85.000000 85.000000 85.000000 85.000000 85.000000 85.000000 85.000000 0.000000 
85.000000 85.000000 85.000000 85.000000 85.000000 85.000000 85.000000 85.000000 0.000000 
85.000000 85.000000 85.000000 85.000000 85.000000 85.000000 85.000000 85.000000 0.000000 
85.000000 85.000000 85.000000 85.000000 85.000000 85.000000 85.000000 85.000000 0.000000 
85.000000 85.000000 85.000000 85.000000 85.000000 85.000000 85.000000 85.000000 0.000000 
85.000000 85.000000 85.000000 85.000000 85.000000 85.000000 85.000000 85.000000 0.000000 
85.000000 85.000000 85.000000 85.000000 85.000000 85.000000 85.000000 85.000000 0.000000 
85.000000 85.000000 85.000000 85.000000 85.000000 85.000000 85.000000 85.000000 0.000000 
85.000000 85.000000 85.000000 85.000000 85.000000 85.000000 85.000000 85.000000 0.000000 
85.000000 85.000000 85.000000 85.000000 85.000000 85.000000 85.000000 85.000000 0.000000 
85.000000 85.000000 85.000000 85.000000 85.000000 85.000000 85.000000 85.000000 0.000000 
85.000000 85.000000 85.000000 85.000000 85.000000 85.000000 85.000000 85.000000 0.000000 
85.000000 85.000000 85.000000 85.000000 85.000000 85.000000 85.000000 85.000000 0.000000 
85.000000 85.000000 85.000000 85.000000 85.000000 85.000000 85.000000 85.000000 0.000000 
85.000000 85.000000 85.000000 85.000000 85.000000 85.000000 85.000000 85.000000 0.000000 
85.000000 85.000000 85.000000 85.000000 85.000000 85.000000 85.000000 85.000000 0.000000 
85.000000 85.000000 85.000000 85.000000 85.000000 85.000000 85.000000 85.000000 0.000000 
85.000000 85.000000 85.000000 85.000000 85.000000 85.000000 85.000000 85.000000 0.000000 
85.000000 85.000000 85.000000 85.000000 85.000000 85.000000 85.000000 85.000000 0.000000 
85.000000 85.000000 85.000000 85.000000 85.000000 85.000000 85.000000 85.000000 0.000000 
85.000000 85.000000 85.000000 85.000000 85.000000 85.000000 85.000000 85.000000 0.000000 
85.000000 85.000000 85.000000 85.000000 85.000000 85.000000 85.000000 85.000000 0.000000 
85.000000 85.000000 85.000000 85.000000 85.000000 85.000000 85.000000 85.000000 0.000000 
85.000000 85.000000 85.000000 85.000000 85.000000 85.000000 85.000000 85.000000 0.000000 
85.000000 85.000000 85.000000 85.000000 85.000000 85.000000 85.000000 85.000000 0.000000 
85.000000 85.000000 85.000000 85.000000 85.000000 85.000000 85.000000 85.000000 0.000000 
85.000000 85.000000 85.000000 85.000000 85.000000 85.000000 85.000000 85.000000 0.000000 
85.000000 85.000000 85.000000 85.000000 85.000000 85.000000 85.000000 85.000000 0.000000 
85.000000 85.000000 85.000000 85.000000 85.000000 85.000000 85.000000 85.000000 0.000000 
85.000000 85.000000 85.000000 85.000000 85.000000 85.000000 85.000000 85.000000 0.000000 
85.000000 85.000000 85.000000 85.000000 85.000000 85.000000 85.000000 85.000000 0.000000 
85.000000 85.000000 85.000000 85.000000 85.000000 85.000000 85.000000 85.000000 0.000000 
85.000000 85.000000 85.000000 85.000000 85.000000 85.000000 85.000000 85.000000 0.000000 
85.000000 85.000000 85.000000 85.000000 85.000000 85.000000 85.000000 85.000000 0.000000 
85.000000 85.000000 85.000000 85.000000 85.000000 85.000000 85.000000 85.000000 0.000000 
85.000000 85.000000 85.000000 85.000000 85.000000 85.000000 85.000000 85.000000 0.000000 
85.000000 85.000000 85.000000 85.000000 85.000000 85.000000 85.000000 85.000000 0.000000 
85.000000 85.000000 85.000000 85.000000 85.000000 85.000000 85.000000 85.000000 0.000000 
85.000000 85.000000 85.000000 85.000000 85.000000 85.000000 85.000000 85.000000 0.000000 
85.000000 85.000000 85.000000 85.000000 85.000000 85.000000 85.000000 85.000000 0.000000 
85.000000 85.000000 85.000000 85.000000 85.000000 85.000000 85.000000 85.000000 0.000000 
85.000000 85.000000 85.000000 85.000000 85.000000 85.000000 85.000000 85.000000 0.000000 
85.000000 85.000000 85.000000 85.000000 85.000000 85.000000 85.000000 85.000000 0.000000 
85.000000 85.000000 85.000000 85.000000 85.000000 85.000000 85.000000 85.000000 0.000000 
85.000000 85.000000 85.000000 85.000000 85.000000 85.000000 85.000000 85.000000 0.000000 
85.000000 85.000000 85.000000 85.000000 85.000000 85.000000 85.000000 85.000000 0.000000 
85.000000 85.000000 85.000000 85.000000 85.000000 85.000000 85.000000 85.000000 0.000000 
85.000000 85.000000 85.000000 85.000000 85.000000 85.000000 85.000000 85.000000 0.000000 
85.000000 85.000000 85.000000 85.000000 85.000000 85.000000 85.000000 85.000000 0.000000 
85.000000 85.000000 85.000000 85.000000 85.000000 85.000000 85.000000 85.000000 0.000000 
85.000000 85.000000 85.000000 85.000000 85.000000 85.000000 85.000000 85.000000 0.000000 
85.000000 85.000000 85.000000 85.000000 85.000000 85.000000 85.000000 85.000000 0.000000 
85.000000 85.000000 85.000000 85.000000 85.000000 85.000000 85.000000 85.000000 0.000000 
85.000000 85.000000 85.000000 85.000000 85.000000 85.000000 85.000000 85.000000 0.000000 
85.000000 85.000000 85.000000 85.000000 85.000000 85.000000 85.000000 85.000000 0.000000 
85.000000 85.000000 85.000000 85.000000 85.000000 85.000000 85.000000 85.000000 0.000000 
85.000000 85.000000 85.000000 85.000000 85.000000 85.000000 85.000000 85.000000 0.000000 
85.000000 85.000000 85.000000 85.000000 85.000000 85.000000 85.000000 85.000000 0.000000 
85.000000 85.000000 85.000000 85.000000 85.000000 85.000000 85.000000 85.000000 0.000000 
85.000000 85.000000 85.000000 85.000000 85.000000 85.000000 85.000000 85.000000 0.000000 
85.000000 85.000000 85.000000 85.000000 85.000000 85.000000 85.000000 85.000000 0.000000 
85.000000 85.000000 85.000000 85.000000 85.000000 85.000000 85.000000 85.000000 0.000000 
85.000000 85.000000 85.000000 85.000000 85.000000 85.000000 85.000000 85.000000 0.000000 
85.000000 85.000000 85.000000 85.000000 85.000000 85.000000 85.000000 85.000000 0.000000 
85.000000 85.000000 85.000000 85.000000 85.000000 85.000000 85.000000 85.000000 0.000000 
85.000000 85.000000 85.000000 85.000000 85.000000 85.000000 85.000000 85.000000 0.000000 
85.000000 85.000000 85.000000 85.000000 85.000000 85.000000 85.000000 85.000000 0.000000 
85.000000 85.000000 85.000000 85.000000 85.000000 85.000000 85.000000 85.000000 0.000000 
85.000000 85.000000 85.000000 85.000000 85.000000 85.000000 85.000000 85.000000 0.000000 
85.000000 85.000000 85.000000 85.000000 85.000000 85.000000 85.000000 85.000000 0.000000 
85.000000 85.000000 85.000000 85.000000 85.000000 85.000000 85.000000 85.000000 0.000000 
85.000000 85.000000 85.000000 85.000000 85.000000 85.000000 85.000000 85.000000 0.000000 
85.000000 85.000000 85.000000 85.000000 85.000000 85.000000 85.000000 85.000000 0.000000 
85.000000 85.000000 85.000000 85.000000 85.000000 85.000000 85.000000 85.000000 0.000000 
85.000000 85.000000 85.000000 85.000000 85.000000 85.000000 85.000000 85.000000 0.000000 
85.000000 85.000000 85.000000 85.000000 85.000000 85.000000 85.000000 85.000000 0.000000 
85.000000 85.000000 85.000000 85.000000 85.000000 85.000000 85.000000 85.000000 0.000000 
85.000000 85.000000 85.000000 85.000000 85.000000 85.000000 85.000000 85.000000 0.000000 
85.000000 85.000000 85.000000 85.000000 85.000000 85.000000 85.000000 85.000000 0.000000 
85.000000 85.000000 85.000000 85.000000 85.000000 85.000000 85.000000 85.000000 0.000000 
85.000000 85.000000 85.000000 85.000000 85.000000 85.000000 85.000000 85.000000 0.000000 
85.000000 85.000000 85.000000 85.000000 85.000000 85.000000 85.000000 85.000000 0.000000 
85.000000 85.000000 85.000000 85.000000 85.000000 85.000000 85.000000 85.000000 0.000000 
85.000000 85.000000 85.000000 85.000000 85.000000 85.000000 85.000000 85.000000 0.000000 
85.000000 85.000000 85.000000 85.000000 85.000000 85.000000 85.000000 85.000000 0.000000 
85.000000 85.000000 85.000000 85.000000 85.000000 85.000000 85.000000 85.000000 0.000000 
85.000000 85.000000 85.000000 85.000000 85.000000 85.000000 85.000000 85.000000 0.000000 
85.000000 85.000000 85.000000 85.000000 85.000000 85.000000 85.000000 85.000000 0.000000 
85.000000 85.000000 85.000000 85.000000 85.000000 85.000000 85.000000 85.000000 0.000000 
85.000000 85.000000 85.000000 85.000000 85.000000 85.000000 85.000000 85.000000 0.000000 
85.000000 85.000000 85.000000 85.000000 85.000000 85.000000 85.000000 85.000000 0.000000 
85.000000 85.000000 85.000000 85.000000 85.000000 85.000000 85.000000 85.000000 0.000000 
85.000000 85.000000 85.000000 85.000000 85.000000 85.000000 85.000000 85.000000 0.000000 
85.000000 85.000000 85.000000 85.000000 85.000000 85.000000 85.000000 85.000000 0.000000 
85.000000 85.000000 85.000000 85.000000 85.000000 85.000000 85.000000 85.000000 0.000000 
85.000000 85.000000 85.000000 85.000000 85.000000 85.000000 85.000000 85.000000 0.000000 
85.000000 85.000000 85.000000 85.000000 85.000000 85.000000 85.000000 85.000000 0.000000 
85.000000 85.000000 85.000000 85.000000 85.000000 85.000000 85.000000 85.000000 0.000000 
85.000000 85.000000 85.000000 85.000000 85.000000 85.000000 85.000000 85.000000 0.000000 
85.000000 85.000000 85.000000 85.000000 85.000000 85.000000 85.000000 85.000000 0.000000 
85.000000 85.000000 85.000000 85.000000 85.000000 85.000000 85.000000 85.000000 0.000000 
85.000000 85.000000 85.000000 85.000000 85.000000 85.000000 85.000000 85.000000 0.000000 
85.000000 85.000000 85.000000 85.000000 85.000000 85.000000 85.000000 85.000000 0.000000 
85.000000 85.000000 85.000000 85.000000 85.000000 85.000000 85.000000 85.000000 0.000000 
85.000000 85.000000 85.000000 85.000000 85.000000 85.000000 85.000000 85.000000 0.000000 
85.000000 85.000000 85.000000 85.000000 85.000000 85.000000 85.000000 85.000000 0.000000 
85.000000 85.000000 85.000000 85.000000 85.000000 85.000000 85.000000 85.000000 0.000000 
85.000000 85.000000 85.000000 85.000000 85.000000 85.000000 85.000000 85.000000 0.000000 
85.000000 85.000000 85.000000 85.000000 85.000000 85.000000 85.000000 85.000000 0.000000 
85.000000 85.000000 85.000000 85.000000 85.000000 85.000000 85.000000 85.000000 0.000000 
85.000000 85.000000 85.000000 85.000000 85.000000 85.000000 85.000000 85.000000 0.000000 
85.000000 85.000000 85.000000 85.000000 85.000000 85.000000 85.000000 85.000000 0.000000 
85.000000 85.000000 85.000000 85.000000 85.000000 85.000000 85.000000 85.000000 0.000000 
85.000000 85.000000 85.000000 85.000000 85.000000 85.000000 85.000000 85.000000 0.000000 
85.000000 85.000000 85.000000 85.000000 85.000000 85.000000 85.000000 85.000000 0.000000 
85.000000 85.000000 85.000000 85.000000 85.000000 85.000000 85.000000 85.000000 0.000000 
85.000000 85.000000 85.000000 85.000000 85.000000 85.000000 85.000000 85.000000 0.000000 
85.000000 85.000000 85.000000 85.000000 85.000000 85.000000 85.000000 85.000000 0.000000 
85.000000 85.000000 85.000000 85.000000 85.000000 85.000000 85.000000 85.000000 0.000000 
85.000000 85.000000 85.000000 85.000000 85.000000 85.000000 85.000000 85.000000 0.000000 
85.000000 85.000000 85.000000 85.000000 85.000000 85.000000 85.000000 85.000000 0.000000 
85.000000 85.000000 85.000000 85.000000 85.000000 85.000000 85.000000 85.000000 0.000000 
85.000000 85.000000 85.000000 85.000000 85.000000 85.000000 85.000000 85.000000 0.000000 
85.000000 85.000000 85.000000 85.000000 85.000000 85.000000 85.000000 85.000000 0.000000 
85.000000 85.000000 85.000000 85.000000 85.000000 85.000000 85.000000 85.000000 0.000000 
85.000000 85.000000 85.000000 85.000000 85.000000 85.000000 85.000000 85.000000 0.000000 
85.000000 85.000000 85.000000 85.000000 85.000000 85.000000 85.000000 85.000000 0.000000 
85.000000 85.000000 85.000000 85.000000 85.000000 85.000000 85.000000 85.000000 0.000000 
85.000000 85.000000 85.000000 85.000000 85.000000 85.000000 85.000000 85.000000 0.000000 
85.000000 85.000000 85.000000 85.000000 85.000000 85.000000 85.000000 85.000000 0.000000 
85.000000 85.000000 85.000000 85.000000 85.000000 85.000000 85.000000 85.000000 0.000000 
85.000000 85.000000 85.000000 85.000000 85.000000 85.000000 85.000000 85.000000 0.000000 
85.000000 85.000000 85.000000 85.000000 85.000000 85.000000 85.000000 85.000000 0.000000 
85.000000 85.000000 85.000000 85.000000 85.000000 85.000000 85.000000 85.000000 0.000000 
85.000000 85.000000 85.000000 85.000000 85.000000 85.000000 85.000000 85.000000 0.000000 
85.000000 85.000000 85.000000 85.000000 85.000000 85.000000 85.000000 85.000000 0.000000 
85.000000 85.000000 85.000000 85.000000 85.000000 85.000000 85.000000 85.000000 0.000000 
85.000000 85.000000 85.000000 85.000000 85.000000 85.000000 85.000000 85.000000 0.000000 
85.000000 85.000000 85.000000 85.000000 85.000000 85.000000 85.000000 85.000000 0.000000 
85.000000 85.000000 85.000000 85.000000 85.000000 85.000000 85.000000 85.000000 0.000000 
85.000000 85.000000 85.000000 85.000000 85.000000 85.000000 85.000000 85.000000 0.000000 
85.000000 85.000000 85.000000 85.000000 85.000000 85.000000 85.000000 85.000000 0.000000 
85.000000 85.000000 85.000000 85.000000 85.000000 85.000000 85.000000 85.000000 0.000000 
85.000000 85.000000 85.000000 85.000000 85.000000 85.000000 85.000000 85.000000 0.000000 
85.000000 85.000000 85.000000 85.000000 85.000000 85.000000 85.000000 85.000000 0.000000 
85.000000 85.000000 85.000000 85.000000 85.000000 85.000000 85.000000 85.000000 0.000000 
85.000000 85.000000 85.000000 85.000000 85.000000 85.000000 85.000000 85.000000 0.000000 
85.000000 85.000000 85.000000 85.000000 85.000000 85.000000 85.000000 85.000000 0.000000 
85.000000 85.000000 85.000000 85.000000 85.000000 85.000000 85.000000 85.000000 0.000000 
85.000000 85.000000 85.000000 85.000000 85.000000 85.000000 85.000000 85.000000 0.000000 
85.000000 85.000000 85.000000 85.000000 85.000000 85.000000 85.000000 85.000000 0.000000 
85.000000 85.000000 85.000000 85.000000 85.000000 85.000000 85.000000 85.000000 0.000000 
85.000000 85.000000 85.000000 85.000000 85.000000 85.000000 85.000000 85.000000 0.000000 
85.000000 85.000000 85.000000 85.000000 85.000000 85.000000 85.000000 85.000000 0.000000 
85.000000 85.000000 85.000000 85.000000 85.000000 85.000000 85.000000 85.000000 0.000000 
85.000000 85.000000 85.000000 85.000000 85.000000 85.000000 85.000000 85.000000 0.000000 
85.000000 85.000000 85.000000 85.000000 85.000000 85.000000 85.000000 85.000000 0.000000 
85.000000 85.000000 85.000000 85.000000 85.000000 85.000000 85.000000 85.000000 0.000000 
85.000000 85.000000 85.000000 85.000000 85.000000 85.000000 85.000000 85.000000 0.000000 
85.000000 85.000000 85.000000 85.000000 85.000000 85.000000 85.000000 85.000000 0.000000 
85.000000 85.000000 85.000000 85.000000 85.000000 85.000000 85.000000 85.000000 0.000000 
